1.0 1.0
0.7313140067768574 0.5357199442820739
0.5259222306639822 0.3322700140121276
0.3692964410914839 0.21803402902700397
0.2601416821450118 0.14499822734723442
0.18059342969245826 0.09961973989210327
0.12218304107517744 0.06599851781965561
0.07312675969851717 0.04331910914981114
0.0536787364701864 0.03157105697964354
0.030915194113752657 0.02024562473854131
0.019159081081812447 0.013546989443507055
0.021548718469874852 0.012551287122303922
0.0038413004870040107 0.006236314792926897
0.01007987458046217 0.005392709251539699
0.010025958361232802 0.0042100914757080676
0.008382369525345858 0.004288015096863193
-0.0026175590015648986 0.001710049286806152
0.0004474464256772485 0.0002246281653275905
-0.0002404153458030737 -0.00038618389251575787
0.0031301644541296856 0.0009608505447148038
0.00278720075061643 0.0011304906544184943
-0.0029546816861296442 0.0012529826306121312
-0.00046946258876765786 0.0020384722330030656
0.0019966129321678542 0.0024576247424157784
-0.0037783073942563323 0.0009813329833737925
0.0005012560267952107 0.00075734361750471
0.005758902169974159 0.0012689834861105375
-0.007659533679384465 -0.00024099531146892938
0.0037463134853521845 0.0010519091929664763
0.004769077789676632 0.00262243480355443
0.0016625020313666252 -0.00031281470306507883
-0.010707028736322377 -0.00019565993526812726
-0.008529571850004525 0.001074373586763037
-0.008483375927776477 -0.000556024031863735
-0.0046102013079357225 0.000986320061809185
-0.006847054152227184 -0.0006462752303591234
-0.004084132299498226 0.0016697290111277875
-0.008660390289750915 0.0003868478456967614
-0.009441037125644846 -7.034069681716488e-5
-0.0062157798241244885 0.00028071462367138764
-0.007038437788272012 -0.0015655908939959814
-0.007022435496758247 0.0001240435625385004
-0.011664031483779105 -0.0010252040098320924
-0.0017299254755013978 0.0003185287990476369
-0.008677353005853428 -5.2615869140482956e-5
-0.004336650988971706 -0.0005446776594297172
-0.012099047150400935 -0.0008975742411369315
-0.019617841779476404 -0.0037817726426511854
-0.009631796568184442 -0.001073497152405008
-0.008815505609889905 3.7705800825708094e-5
-0.008298479827359885 0.0010319712826764326
0.005443754965604778 0.004797535451876336
-0.0008521212044771653 0.0035389560723437094
0.003309218018991669 0.0029528170324311888
-0.00021018049481306197 0.0021873744737188543
-0.0011988328462456792 0.0014080180369281453
-0.0016194897633522243 0.0003022727273113235
-0.004586113915893391 0.0006382594566712438
-0.003159187232785552 0.0009288499401294042
-0.0016932287284476507 0.0018518423296453271
-0.0009883686866671833 -7.915273962522497e-5
5.962794735388823e-5 0.0011203318346949464
-0.0034860392911562886 0.0005539115210147887
6.911874964331931e-5 0.0020986667623155274
-0.01452994840547634 -0.00020168150237363092
-0.000539681128690036 0.0014936875007469511
0.00041598934141329484 0.001090800157768187
-0.001404453846204449 0.0013052326756930743
0.00046545146849582343 0.0009418621952528524
-0.004487343915578989 0.0003999418572029184
-0.005785554784916246 0.0014715672959878742
-0.013171296971301993 -0.0010822711874351107
-0.0017501092319551369 0.0014348386880134764
0.0033094484283414847 0.004700182004019708
0.0009675003602648646 0.004838539302055031
-0.0030388009722787483 0.0017486174729777785
-0.0016766564567108294 0.0008352434801211434
0.0028368227482341436 0.002521982284557494
-0.0005514221515999468 0.002149362267398143
0.007797023118972341 0.004057471627245824
4.741537525689534e-5 0.0021587801434496006
-0.004171843058780787 0.0007230160471778884
-1.9006224214207876e-5 0.0009249779356495556
-0.012319525296449394 -0.0005305383484151462
-0.009791164142666259 0.001032227308118659
-0.0031574123368832085 0.0010395653831029297
-0.006364397410480724 0.0003549274211627403
-0.003452129008696309 0.0005321338093478633
-0.00011864393935068794 0.0011725084378862022
-0.008364498822886387 -3.868339847438889e-5
-0.0066085371293641984 -0.0010577556267407841
-0.011000787847662598 -0.0022397611483745443
-0.006516033148322904 -0.0009500235062008369
0.0017417886903353115 0.0006958138116476604
0.0025478630862612187 0.002161959320329353
-0.005772101764152791 2.8035823246412743e-5
-0.0037250975104052048 -0.0009486655581531744
-0.011920731413308556 -0.002268720034589157
-0.005193126273529007 0.000505705016423614
-0.012868052780822275 -0.0010708526838398864
-0.012045582536845834 -0.001307710495515336
0.001261952177689338 0.00035264270081444
0.0006559218320812984 0.002371278139358351
-0.007658161331238655 -0.0025896027339743694
-0.013604723811315583 -0.0022672055100459256
-0.00940692161591026 -0.002545916044095234
-0.009545345425038205 -0.0021605447497744083
-0.0021398460978712033 -0.0007677992653519426
0.0020708109665855618 0.0033701986942122884
-0.007498368625622057 -0.0009655256068181845
-0.013870724136043292 -0.002369533433375969
-0.009343275151957646 -0.00014226093480329132
-0.003963677098502224 -0.0014176865026896781
-0.0011274529530034031 0.0005132885114476087
-0.0004777433823584195 0.0001331524781129638
0.001611256865013728 0.000979082172994596
0.00594757393048274 0.0005821525696488974
-0.0011862589394855334 0.0014198804847799036
7.870584328770946e-6 0.0020009423699363714
0.0007467423621675345 0.002103316852929163
-0.0038403356767957317 0.0004931480880095314
-0.012632469340405674 -0.00024391135822360646
-0.008681490729739356 -0.0005550364614852241
-0.002187166893362956 0.0020706903116512647
0.005305949036919617 0.003267388074867803
-0.009535137199741636 0.00021289989217665337
0.0003349824463102595 0.002679275222039996
-0.0006734324379046946 0.002553477704335453
0.00512242005716608 0.004191461603472912
0.0034622052444002716 0.004992700228002025
-0.0035078001711751597 0.0036454439532355664
-0.005215100095198695 0.0011151195181931357
-0.005542887541032204 0.0019863790797942957
-0.006476771001267176 0.00014553152832508853
-0.015826625999786823 -0.0026155982345825576
-0.005358257444620539 -0.001953359621427445
-0.01823009364746033 -0.0050708221060632875
-0.0072220926831000395 0.0008927334367453897
-0.007975457137695345 0.000200764096472353
0.00011179492174534298 0.0023033179679680343
-0.0023855080969466917 0.0015894297938698623
-0.0015227774860875492 0.00014929584070428218
-0.00809931046236522 -0.0009005421976605687
-0.006649484096691859 0.0004339071917960031
-0.006271435157352455 -0.000885608283343632
-0.00432375995092084 0.00044222338129326085
-0.006355713122661775 -0.0008487875289448712
-0.005899029175988537 -0.0020478186773823077
-0.0123525534533696 -0.0025866155757081483
-0.0017119172159334281 0.0009816215012325076
-0.0031354997628420117 0.000992185058531614
-0.008567743908484415 0.0017481980887407863
0.005652526190050826 0.004674556283254729
-0.0017908481130976162 0.002871692415783677
-0.0007316165739474178 0.0024416371080067715
0.008583160410819204 0.0035545650101601474
0.010662633753837743 0.003971154741506946
-0.004132305873772436 0.0018466055342397471
-0.0028186397223970423 0.0008197057468033398
-0.004409229301621248 -0.0004963796849696972
-0.0068225850170784445 -0.0019539646674217813
-0.0070904200842843625 -0.0017054306780330726
-0.010557231605055268 -0.0012651109595073677
-0.012465853380035356 -0.0016270261174222986
-0.00415073154433772 8.856182714594372e-5
-0.002270350250379339 0.0011590558514718065
-0.008668236426200758 -0.0015511737089144726
-0.0032586315496424077 0.0012441902271320719
-0.005907150074693956 0.0007053798950052718
-0.00706588415327608 0.001893409754248429
-0.007465671425717896 0.0006622287738966494
0.0026396310338722543 0.00027223970683069935
-0.0017525597821357317 0.00012145352193370766
0.0020048257539865655 0.0006275186450815019
0.010880106945928713 0.0027043352984026823
0.004065897176658814 0.0033793572732000996
0.010441663662030054 0.005977199693421993
0.0019427998129440368 0.0037558683516047586
0.008021877515996879 0.0050653115418682155
0.0006333857995909033 0.0018127187506747399
0.0002144332738252454 0.0012707138490305942
-0.01034680363150116 -0.0008709645842421826
-0.003663689234539142 0.0006566321102516656
0.0004006145275005482 0.0021744263496730055
0.005548146406962541 0.002457303123422611
0.0006203228211552966 0.0022828679042188565
0.00899125384163401 0.0048972470913292996
0.012632431495828725 0.0078578653387118
0.006640650457344854 0.005979262154744458
0.0033305452249482405 0.004764177884315135
-0.005690350946298598 0.0016661123377538286
0.002718228999532324 0.0021343537834266936
0.0012698854610340917 0.002747511093846488
-0.008899845924057525 0.0006282780986284005
-0.006672331620169891 0.00038400183161145654
0.003961140546553021 0.0012352165919261825
-0.0030314025379170155 1.7272201290911528e-5
-0.001497267700737634 0.0008992001192671791
0.004630253047289074 0.0032254115709114536
-0.0061712127322670375 0.00040008460358674286
-0.010834338102616706 -0.0015889034733374378
-0.007426504151590582 0.0005582707883495664
-0.009870605581619242 0.0005584780534421419
-0.008848960670813005 -0.0016498521102680521
-0.010994952603399352 -0.0009289093060047803
-0.006435608572497563 0.0016493540417330953
0.0021242260408351307 0.0037020816866346323
0.005828692482771665 0.0027828074999062735
0.0001602414920040064 0.002690709057946439
-0.00038853378337790615 0.0031159807282843065
-0.001335123940270022 0.0017272411187349796
0.005640725237291819 0.003167773344241893
0.0007951371263133025 0.0032544752676235147
-0.002917034309822572 0.0006156631574800262
-0.010159616739895893 -0.0009464974382180255
-0.010708328680043283 0.0005734632418960759
-0.00293296877107236 0.0018249831649377328
0.004121302278005161 0.0021690790309711588
-0.00880864596067529 -0.0008078250000913191
0.0005162662255283639 0.002272940884993584
-0.004835202131364244 0.00038556469922818444
-0.008491480150183642 0.0006326275806027555
-0.01306367321686172 -0.0016167475554153018
-0.0083884362082552 -0.00016587394624308573
-0.012158433333039077 -0.001731004440937434
0.0014632204912278356 0.0022393444002954135
-0.005398255001482278 0.0016894998151910346
0.002783697879317659 0.0013302979005073796
-0.0005219967479476395 0.0009297294150271669
-0.00569426987663542 0.001441110358414591
-0.004253932123998577 0.0022335006868556347
-0.007254939641705137 0.0010757564225100913
-0.006015594496206289 0.002562827551827704
0.004926062219593406 0.003802287332775919
-0.013438297370745048 -0.00027049985677292767
-0.0029034062422002163 0.000761998685531672
-0.015339283606721474 -0.0009343273015600499
-0.01270899555727625 -0.0020652518780401984
-0.004249435937709629 -0.0011589207979683248
0.0009305903544171563 0.00036887706542828647
-0.00895626241744562 -0.0010161409056553025
-0.009281519565400301 -0.0007269975777957258
-0.0019681292937966132 0.00030911456234698824
-0.0065825935976510375 0.001700366994123694
-0.008873961099036858 0.00017370300370208894
-0.017436403522715666 -0.0037981377264468793
-0.005234113316518325 7.050971488302601e-5
0.008686069330649178 0.0032732083786529893
-0.0006511811546224139 0.0016343857553035705
0.0035721522135837326 0.003320615750744116
0.006558747930255177 0.004446739294968822
0.004626177895524162 0.005486002122878978
0.010944824786695792 0.005408063005818291
0.0036101277589008596 0.003890132469655573
-0.0007056194807961792 0.0046244472848587116
0.010535821512207671 0.005766307187074362
0.003398608374989917 0.0030065643969511098
-0.001758430312594141 0.0020854923310842243
-0.001626104396417842 0.003868207394825203
-0.00616730553201153 0.001619515479110751
-0.0008558241718299688 0.0016921848392416417
-0.005233947306783204 0.0014514729786775712
-0.0016812992203162418 -0.0004732449925591216
-0.010012016149840654 -0.0013817651314108734
-0.007017544681408097 0.001242400091545655
0.003602367929930768 0.0015790453793886668
-0.007889331376424396 0.0003517702226326635
-0.005280327120506851 -0.0008356280309819167
-0.0009061633982243945 0.0004897121508044623
-0.008781829978233796 0.0005551029277734587
-0.010778904724161773 -0.0006675887614491628
-0.006417052647507895 -0.000496905141137486
-0.005802675658791624 0.00020746018811795787
-0.005417581230024824 -0.0007518230160485139
0.0016908776302152447 0.0014418430599629987
-0.005791340887137374 -0.0005260082267974286
0.0017804805785204979 0.0016067342547315456
0.0023203164149851125 0.0032255885051998777
-0.005717132252503464 0.001028611935101937
-0.003581501317678346 -0.0003071983566911146
-0.008426626470074227 -0.0018859542359738158
-0.004664553020353313 0.0009764410226096178
-0.004345007636446902 0.0007836905240549519
0.00641991776399296 0.005569639477876394
-0.00134388578908559 0.003557983387270856
0.0012772416260717295 0.0021331472991733447
0.0058550535998425505 0.0033150671267994283
-0.0008252319731299307 0.004240850601516498
0.006484507733182737 0.004247742479308314
0.0024071642152206124 0.0027428498656111985
-0.005986051959124657 0.0024389739319230393
-0.0028827501551545046 0.003165875241004657
-0.007498872552265354 0.0012034491911170802
-0.005107851827560209 -0.00040420299582582603
-0.0033633475231579658 0.001499881318311466
0.0035636265447589843 0.003004032789972809
-0.0030052629214283727 0.0006943193876344493
0.0014804363360643937 0.0011141322584110533
-0.005061915017881227 -0.0008828455091316298
0.0022888575166759672 0.0009137308966739921
-0.011422742346535656 -0.0016241222604632451
-0.006143676339660057 0.00019669405683231316
-0.0049622961355084575 4.1968386005259686e-5
-0.002555666365307942 0.0006884329370502445
0.0001494416468967281 0.0008518110883332621
-0.008702153693525125 -0.0004584706272970384
-0.013126264185178774 -0.0011509468605017908
-0.008839174448993126 -0.0019080455074189718
-0.005175062234967393 0.00034246373070215806
0.0021672826609041417 0.0029889341584798147
-0.004741470401222402 0.0003251456109723937
-0.006625488471031552 -0.0002744079145241887
-0.0006441105158045649 0.0017216146173662241
0.0002669442516469085 0.0025412550264535877
0.005787600348869903 0.004618237567277203
0.0004261747767348742 0.004041710714489813
0.0053635986916928365 0.0022753732750972347
0.007970605859893846 0.003604766577599792
-0.00041376155242947983 0.0023575348993328075
-0.014642359271677069 -0.001316933060592597
-0.008685953028870715 -0.0010862576340868874
-0.001684932498233529 -0.0008441123056091307
-0.008553498719954157 -0.00010280617345183255
-0.012413982488557988 0.00032584700561021334
0.0012619030091045769 0.001662556045216177
0.0020714073881611525 0.004033736898037264
0.0021236192493720813 0.0026585406763427366
0.007270335148734778 0.004258539604958173
0.00021337855804838112 0.0028925975907019424
-0.008813304716328439 0.0002878097185170055
-0.002898188139545788 0.001267500720647474
0.0017860203727355743 0.002138252710949595
0.007472119665752688 0.004337609384643529
-0.0003782896503465179 0.0013854069056039324
-0.008653762715600593 0.0006701038909800457
-0.008026174275344609 0.002197880646981437
-0.002579287519136221 0.0022362256689469106
-0.002375573654383125 0.0010974790041789325
-0.002645048886682009 0.00011871187251272786
-0.009069913295831808 -0.0022016110643103366
-0.005081556119856656 0.00042530292615859585
-0.005299659067865438 -0.0007521246321695401
-0.006275987622986151 -0.0011310506439569565
-0.006309340447041544 -0.00031020949441767757
0.005551977457688586 0.002470507038408381
0.01353126495413495 0.0034149434658039286
-0.0012267745992619603 0.0033556947722595816
-0.001085832398532556 0.0013055939432120318
0.0002508430630829414 0.002631328854795713
0.0011848035478833935 0.001628281421340814
-0.006264151155004784 -0.00034923033547583593
-0.008241025074175883 -0.0017911186492501267
-0.013891652280577232 -0.0018829262376386408
0.0018552972216989768 0.002085361331963756
0.0031350174666603 0.0026291555506702557
0.005973681969078277 0.003823474363440798
-0.0075506125809685475 0.0028437736082379287
-0.0014294598863968293 -8.640689907803912e-5
-0.004229784163548801 0.0019123780541733713
-0.004112193583041622 0.001342355611787316
0.003059240133109078 0.0011461002498044264
-0.001304125991224793 0.001043529913753986
0.0003494003463177786 0.0015894347428295546
-0.006512090223127235 0.0009111340590656434
0.000725717631201936 0.0021738112339697658
-0.0003247838766836755 -0.00020194702359688794
0.0034109547219583923 0.0012267261143018835
-0.004754329349119058 0.0006957531355360457
-0.0011299790721220092 0.0014596012679868214
-0.009651608697672311 -0.00013673489596224657
-0.00044388919749377995 0.0019488022546772438
-0.0005047796286729333 0.002456767957471852
0.0008476624609900683 0.0018262105264428374
-0.012022610553801594 2.619941336545018e-5
0.00011016085603897471 0.001711769650906891
-0.01029997199379939 -0.0005015682348476785
-0.009925071788580734 -0.003182894858985143
-0.005449057576558148 -0.00018262872483127673
-0.008068055686080624 -0.0006363744361551268
-0.0031248412850803683 -0.0005941637574993957
0.00054170841939952 0.0021700825957811916
3.3001028429445344e-6 0.0025799769195925357
0.001846444701454661 0.0032074528662513714
0.0005734760601962771 0.0008124910084945529
-0.0021233763869985215 -0.0015236894086432886
-0.003461365135527909 0.00016902914867095872
-0.006808340459305136 0.0016535705791736234
0.011184460749269383 0.005853848403838123
-0.0011367448365569872 0.0034858158244261755
-0.006504005454991534 0.000835225247664728
-0.00925070218856955 0.0005619047326786365
0.0028906304670315887 0.0018840657475600322
-0.005234934085062162 0.00013489113908532382
-0.00014933542831649648 0.0001829211744002698
-0.006047687200251189 -0.0006380680299229184
-0.011237654699202229 -0.0022828401913407956
-0.018374025066460797 -0.002714787702875893
-0.0028213146793349825 -0.0020112606340576284
-0.00390883436868329 0.000653006574653958
-0.0010110783674941832 0.0005070091440492165
-0.006508374616643553 -0.00022462119993632722
-0.0038107991206367546 3.624187865148219e-5
-0.0076565780310473746 -0.0010853314068839024
-0.0024534036991694635 0.0005357577475623996
0.0031337978226620654 0.003428487845388939
-0.010330488383264237 0.0027595968054168877
-0.004702034961317428 0.0018075627571264824
-0.008499298188424953 -0.00038363657548511326
-0.0037961679307818423 0.0005217269221948729
-0.005470131475588032 0.00177767531743557
0.0008130112741599032 0.002592693059227423
0.005871049574990528 0.00493968436002408
0.002068038080244402 0.0052133456578670485
-0.0018278379099122162 0.0013748345656645644
-0.0009749984846303707 0.0009486332659240641
-0.005006385153779793 0.0010355781025140928
-0.007318419168211936 -0.0008829447958037228
0.0005157343256817306 0.0018791201520976413
-6.67411782978954e-5 0.0016519726572263825
-0.0007676748436111892 0.0004601494907609102
-0.0039032934464202865 0.0014515142811061896
0.00520765191135875 0.005580171739136397
-0.0003414963604213731 0.0014145664211561383
-0.0029619441796887346 0.0003281447801509836
-0.00875873166974513 0.0005332815304774435
-0.007249464210420902 0.0006974072833881567
-0.004087357002394102 -0.0010182429973794435
-0.008884001768438368 -0.0008697556106929714
-0.008909510325123314 -0.0005843314379661684
0.004199896523471273 0.0017734862588807665
-0.008540072507790047 0.0002189872233119162
-0.014367179064780619 -0.0020004738628279038
-0.00455712169674749 0.0010154944970711354
-0.0025002876402349617 0.0006307103109534776
-0.00514659633015944 0.00379104705267081
0.006548314628119727 0.005228177227202365
0.001721729554386047 0.00239867631328508
-0.004817619866517865 0.0016999368884769472
0.007163005844367417 0.0020666218728962985
0.0156635944856629 0.004613927585423112
0.006469699171194976 0.003541479002207289
0.013935398300488866 0.004462158373144721
0.0015464912468330034 0.0022202167031242516
0.0008862139942036324 0.0012341570417417692
-0.0020181351778891694 0.0013081016474015311
-0.007730150374490191 0.002613173169762595
0.0004913040639576167 0.004811736390631526
0.005609838486824672 0.005560491457907036
0.005054561012774403 0.002153318255801288
-0.011093139441355525 -0.0025379140615052797
-0.0015246168607256636 -0.0008793014715480349
-0.017596261149404567 -0.002343532954666569
-0.010647946595719767 -0.0007245683704483119
-0.010988345279185774 0.0005938056044628698
-0.011449353301668774 -0.0013827856860981265
-0.013321512711174549 -0.0023680246065348304
-0.0139370737736954 -0.00241959834258986
-0.010114946949543987 -0.0017460189717471409
-0.002387376867219339 -0.00022432450688503994
-0.001972604266865659 0.0012565797026898023
0.004682777604865985 0.00359067780306705
-0.0019458981023152031 0.0012021524396830024
0.0024377115258166554 0.002313024400757562
0.003426917046954274 0.004894903160708651
-0.005241693627253024 0.0018877993399346708
-0.004549026366804144 -5.3781491744260016e-5
0.00038364053225328635 0.001995143336567224
0.006974591479472815 0.004025593157072802
0.0012203663564423594 0.001961848594606806
-0.002680204965839022 0.0006852421827741642
-0.0035561333033946744 -0.0005012474673655059
-0.012816092056256133 -0.0013146517255978886
-0.00840591653856945 0.0005584563493987292
-0.0042621948927193945 0.0030915293438302117
-0.001526205411862681 0.0029574799600025964
-0.0014718768169392222 0.0006125147499818928
0.0011431517697004122 0.0007720182342702977
0.0020418298588383787 0.0011883292357730646
-0.005274496448402386 -0.0005914123513255476
-0.003937323658231683 0.0005284610688438582
-0.0019065240797784724 0.001328400424328185
0.007917752002414439 0.002808918746440898
-0.001654925918863743 0.00046454086416210856
-0.0007251661752659736 -0.000542107095666504
-0.007359916812758538 0.00013401478261938825
-0.007812809534161278 0.000213703529213414
0.0005012806588045775 0.0008466599915907982
-0.002804208099585386 0.0003672231641406858
-0.0019134543130873048 0.0008838799623118746
-0.007246805490843011 0.001789956466496801
-0.0016986984214227411 0.0005932793040025582
-0.00625762658608954 0.002930978216001742
0.0003035044985858414 0.003715471625641019
0.0011513313310263702 0.002512100100643347
-0.006210178729807516 0.0006441291814334438
-0.0016504834812484206 0.002613215074475439
-0.005103845717650171 0.0010984481921344654
-0.0077862041527951365 -0.0012961197332553335
0.0021782690855992517 0.0025571527930490067
0.005235831694408098 0.004061384689654301
0.005225419899236697 0.003691806886326909
0.005289917907427611 0.002275524407798213
-0.0005447610088107508 0.0018444227670047844
0.00703044646450611 0.0039875299735699045
0.002760893893759603 0.0026627572037109986
-0.0005796086255885171 0.0020110408874591495
-0.016889435163650518 -0.0007316282568969971
-0.01081765242457774 -0.0003319610816249379
0.0008726722001496391 0.0019475753106597178
-0.0021612310185428426 -0.0009050926327805801
0.0010193368512770341 0.0014199664554789587
-0.0020766149873055056 -0.0014335679763820442
-0.002409888625654608 -0.0001802555685171335
-0.001141680155031409 0.0016619202898049258
-0.0015593585645099566 -0.0003319613076062856
-0.01262570055189263 -0.0016290686786870462
-0.0052215670939670675 8.404887401004508e-5
-0.010456196789543062 -0.002977283437425351
-0.011774198538514438 -0.002904192844745541
-0.0105187165561877 -0.0008839424693270755
-0.005835485008976982 0.0005355710898018285
-0.002963996571580513 0.000832495254628419
0.0011518825416127413 0.0008126766682820631
-0.006559770699659042 -0.0013635501723653321
-0.00785614760838915 -0.0015721869117342675
-0.0022855390387412334 0.0003191508814694861
0.0026198456662982848 0.00272416038300392
0.00519588578136818 0.0010521278798724559
-0.0014573471019328711 0.0030548513728854186
-0.006641253753943507 0.00188760781998675
-0.0013788078392217781 0.002804544699484802
0.00010989961812681228 0.0011966651659020807
-0.0032815513744529957 0.002559892238549893
0.0031425205195139555 0.000505098452092386
-0.004330643252307167 0.0006479338226632628
-0.0023209952341064276 0.0007462419675484551
0.002693166301425354 0.002999310612213763
0.0020468723007359573 0.0021503170138593305
0.001484876117450484 0.004546735074067157
0.0023894646143137483 0.0020155746832735415
0.00309693113962054 0.0017032939430878175
0.0023428932152847874 0.0027965167897944917
0.006848336889171728 0.0035872876483066442
0.0019016844458805005 0.002728432469434725
-0.0013429738029833488 0.000830347934235172
0.0013685623764615644 0.0016240458702422335
-0.007618759463786688 5.7366417859863626e-5
0.004401947174426979 0.003603364330713284
0.004869531280971636 0.004594307791692706
0.0029861032548075864 0.0010380663642078534
-0.009176298097710464 -0.0018033491879841114
-0.0038425506504044028 -0.00047888519315528253
0.00031287777772172505 -0.0005039407138442689
-0.010503243705085067 -0.003598896200718432
-0.0012788046419795363 -0.00019665371877089936
-0.011892029771531141 -0.0009566330568437743
0.0033635702303288742 0.0017386517288292581
-0.01687145838291233 -0.0015890239881292706
-0.022299097221333365 -0.002131716872671463
-0.004104272099356489 0.0005263672345833285
-0.01923117755533118 -0.0021859344556350506
-0.006561786844245087 -0.0008071268507368245
-0.012408107889583046 -0.0016204710480201036
-0.004976038502515535 -0.0003243155986351977
0.0014959152424223444 0.0035863608118253563
-0.009320987450423502 -9.827100161865703e-5
-0.006638545002577413 -0.0013234444635034843
-0.006535846522599017 -0.000581059797136185
-0.0038530039794334343 -0.000589529902828581
-0.011349595784175137 -0.0009595315238076992
-0.005543023890579192 -0.0013522498044356008
-0.005924425693067196 -0.0020515630316373583
-0.006135248245709496 -0.001116812087757213
-0.004929530735226414 -0.0011468561348483791
-0.010493670868249576 -0.001907374490074201
-0.010879523109911932 -0.001882398913443942
-0.0020261220630853915 0.0005592051904963003
-0.0002027918768411028 0.0011402761517746902
0.007395484217771241 0.002730402336114804
-0.004926951082519298 0.001330078476217538
-0.00019213856741420965 0.0009136229000478965
0.00617508879606159 0.0025694058960436233
-5.581745151186129e-5 0.0013484505972164904
0.003304425179466002 0.0037804817355310792
0.0002101400754292329 0.00033116860965433636
-0.013623522630824633 -0.0035023697598652887
-0.005343782662612706 -0.003332432901197904
-0.01138220410278003 -0.0031821744163226767
-0.009438601159588512 -0.0023232905914521737
-0.015282008389545208 -0.0022128932285418843
-0.013416675559487832 -0.004844714308896954
-0.004716685477408236 8.357174563138232e-5
-0.006183515555212989 -0.00021806623167964587
0.0016141929239006866 0.001311353770286086
-0.004033740246009509 0.0014367979638886187
0.0027957038395793653 0.0007548613527766576
-0.0038765149289886804 0.0006528177504198065
-0.004577649060341408 0.0010399349945126016
0.006992000757574315 0.004616788647728194
0.005959103985137341 0.0026294009892320804
0.002630501358748261 0.002733137490641855
-0.0066696511051835515 0.0010932046701306712
0.0004223271019185465 0.002457390963748742
-0.005554575884188127 0.0032595177149635354
0.002257330464985342 0.0018788933339189016
-0.0064823212059404636 0.0021487796900557313
-0.007904312420127749 -0.0004231026220083267
0.002937450647763206 0.003994013957406932
0.0016110857120566263 0.002862054268052642
-0.005175598726358732 0.0012209029205447234
-0.0026691346102811287 0.0021204610453763686
3.999629194073167e-5 0.0019772573065826977
-0.0005144277456199244 0.0021115785934159802
0.002475902278065844 0.0030292449228041776
0.006580261983122598 0.003736604914093717
0.00635995920588664 0.004296482354981951
-0.0034811068968657135 0.002196303016076883
-0.0036912718568254993 0.0025177358458340626
-0.0023547830984321214 0.0016258477479652934
0.002362720822975459 0.0029577681898766803
-0.0009989548363860492 0.002858862048329662
-0.010102768084888688 -0.00040923157780527685
0.0009773756439919185 0.0013700275427798699
-3.442519869421052e-5 0.003035591465608028
0.001819569445629183 0.002901335140999168
0.00045965335972099656 0.0021901954441497975
0.012367166219733328 0.006027952026271073
0.0019341652457328525 0.002320024041933931
-0.010454090455950025 0.0002768000539520719
-0.008351975380953208 0.00044011629979979946
-0.0022322485212480916 0.0027792272350662217
-0.006283951477668248 -0.0010551046081730849
-0.004376698746665104 -0.000242963154417249
-0.001296801712816399 -7.682847920851035e-5
-0.004032968345954477 0.00045625314327290395
-0.003976632217924005 0.0010668011773659065
-0.0033255961101519623 -0.0027011898091256503
-0.013594195176190163 -0.00374160387495782
-0.00978065522270483 -0.0012508598289830343
-0.007570617981355188 -0.0016419261539457398
-0.01010980714497895 -0.0004664541846784999
-0.010657364163400764 -0.0019746628099200276
0.001791621758425338 0.0009673793988839285
-0.0017512462839243319 0.000492726667050081
-0.006667835743182003 -0.0009835826813389017
0.006091761473000997 0.0012390123993279505
0.0061583653926331585 0.0022257512543617524
0.005554492296831368 0.0023572444057308726
-0.011460213606511989 -0.001075199828399217
-0.003774940591207908 -0.0007715186482603592
-0.006703593667696068 4.505636078514187e-6
-0.008254243205383585 -0.0008304455583898728
-0.004520474425643017 -0.00018119926611159798
-0.005630076302029691 -0.0006063707373796647
-0.00021631711552713118 0.0010249810300868591
-0.01116822726934108 -0.0010801527248021122
-0.0030389269887095938 0.00031396575996451827
-0.009158431829703289 0.0006876805656448723
-0.00012416963369334908 0.0018989287068653848
-0.0031804092265274937 0.0009952319264824804
-0.002669757277563292 0.0018726072464325613
-0.0023453883983121093 0.001969498524335761
-0.002501442727039489 0.0024540804388492894
0.0067373221714158125 0.002635631400309605
2.33981497174255e-5 0.001877799369830382
-0.008675888715569543 -0.0006761157867923777
-0.007124450506196211 -0.003226339401923133
-0.007659323335243768 -0.002128806816778647
-0.011711175969324084 -0.002625654853084299
-0.0067094472207148365 6.533279041109693e-5
-0.010311117470242133 -0.0006916455709460841
-0.007931258867229035 0.0013104987965891312
-0.012347429047948657 -0.0008305313943235066
-0.00467188548727239 -0.0005250794477150703
-0.004345794314289723 -0.0003149932354171782
-0.009132465510506754 -0.00321459894112843
-0.008708266345519551 -0.0005206658237127254
-0.005389857443717064 -0.0008078990988859628
-0.002692527196464729 -0.0006142446449339229
-0.009488004072504599 -0.0007703180231933129
-0.004173770155392058 0.0014659767171838925
0.005498257112260337 0.002303855076399451
-0.011931770826517987 -0.0009813580435058388
-0.003357169687636926 -0.0013275739697921518
-0.006469866509590909 -0.0019229057471321582
0.00691371109296433 0.002586624185816745
0.0010331897455723084 0.0036402227681011294
-0.0035271890628886184 0.0023702220718773517
0.0014750395656243896 0.0013762962790812331
0.00068337925639978 0.0016638426672360633
-0.009786763061549507 -0.0010793522062293897
-0.005264218765138929 0.0005350640184730474
0.0038919323804306595 0.0017662860122912478
-0.002918302166882584 0.00024918611923168955
-0.01111513449525287 0.0005111412619670786
-0.0058175548291364764 0.0011446781219255637
-0.012553728952999343 -0.0005665382298907824
-0.009731794766767882 0.0012105954086300318
-0.0004403861071948548 0.0017232678221632525
-0.0037802985327264615 0.0005494229397896882
-0.005615740338704835 0.0007797745073920295
-0.0016271809061270393 0.001821930272811425
-0.0013517673871794509 0.00040291273918796345
-0.009535572511865995 0.00017406389297297913
-0.004436865861864629 0.0004709451599314556
-0.00878281303158756 -0.0013779765747365764
-0.011347181570412368 -0.0032475500541597033
-0.007198568552594849 -0.0023203627719689812
-0.010919707123301639 -0.004871903589002244
-0.018238369276260737 -0.004684769423964443
-0.005713670869012419 -0.0016472352328505858
-0.010741912675426056 -0.0021386785460478577
4.4492501550895556e-5 0.00046381423868643526
-0.012531166654490205 -0.001669962765189197
-0.006789124417276722 -0.00039183316658757925
-0.009741452434633403 0.0005277908852977924
-0.011666923200571284 0.0009604502142599846
0.00016188652481941333 0.002297351277393688
-0.001035632048437795 0.0019951410841963983
0.005877701306040569 0.003577220300817601
0.0013098500256157792 0.0020419921748970494
0.0028448916449572083 0.0035299718071848166
0.006592887122219479 0.0012195126171271272
0.005014257817161159 0.002084033744324606
0.0011132196743947364 0.0016317935394638472
-0.0010960755991911925 0.00011613666771620947
-0.0005072888804283703 0.0022862687617970895
-0.006705506501767653 0.0014347666121777476
-0.013868821753053722 -0.001116432893399423
-0.009264245058459557 -0.00046774408146047175
0.0008276459570700932 0.0019089950524304581
-0.003917451188240528 6.062352181572947e-5
-0.00928763214560655 -0.0011616457782782765
-0.0049929247803158425 -0.0012752595497419507
-0.0026481785207767877 -0.00042377146843874394
0.007191029560640012 0.0024883213873188167
0.003046249075215381 0.0025785700568672246
-0.0019997396141790344 -0.0018530547734180876
-0.007830890325166335 -0.00038050825242087315
-0.0010839534900984487 0.0025324262965152333
0.002724179759343272 0.003959026065223794
-0.004360776285501244 0.0022975155344652724
0.0034442002827699794 0.0018971179954374966
0.008247781263698656 0.003431683416560245
0.006465830292543617 0.003955870243846799
0.0004301341653401082 0.0007295334103494689
-0.009416039331586109 -0.0022889899237875867
-0.004641930994362416 -0.0005499770217077611
-0.009810136973363177 -0.0002812448428908394
-0.0023828035027197536 0.0013527961346662715
-0.002198883457959334 0.0025481117506469014
0.007985169958669314 0.00393524264462014
-0.003781356462376125 0.0024498396445001938
0.0008753274856358326 0.002485417605348341
-0.01353044145205082 -0.0015365580988620925
-0.008792918992824975 -0.0014886358334635834
-0.01044394198643572 -0.0012253645385157464
-0.0012872201444008714 0.0026641032099005077
-0.001120660548597447 0.001831171007649393
-0.0033646759628119683 0.00015277894345940008
-0.01137699634552167 -0.0008820366353042499
0.0002278064167238865 -7.953739883831037e-5
-0.010498486383933112 -0.001939527454534775
-0.007821883765659662 -0.0008630857178518248
-0.010748292687435029 -0.0020346778571001278
-0.007599222895814252 -0.002049796139141955
-0.0055072127348842455 -0.002222395780924648
-0.011472426937681633 -0.001654906582893829
-0.0022963882625993215 -0.0006664541467359936
-0.0019538770781317824 0.0005348411095493029
-0.007837930582409133 0.0010917238110461772
-0.004463113200911975 0.0004282664804305196
-0.0037919055112409623 0.0007116207451910807
0.004276046873876574 0.0012735093248866856
0.0009259303952666507 0.0006597980770231074
0.003479520972953779 0.001142254514480333
-0.005643096236836036 -0.0022516237906695575
-0.009579515339067368 -0.0013243744122552485
-0.004409631511749511 -0.0007139236833917449
-0.002826247638957611 -0.00047605983230265315
-0.00558950947484873 0.00017346897914978008
-0.0071351668346513 -0.0007573937762577366
-0.0004823574640952998 0.0013970059167802147
-0.001855280077033243 0.0035642956896160586
-0.0018382796252667084 0.0014414001916100993
-0.0024546124329010858 0.003551218367558944
0.008351531342984617 0.0034042422061569457
0.008591761477552673 0.005248102100677582
0.0040437911425630566 0.0039241131788674164
0.007037061963932613 0.0030162237599534324
0.012713719500385749 0.00406573837277401
0.0012379240031888323 0.001790324262205757
0.0019223054159410074 0.0019295530618898965
0.00432130432623198 0.002103233063583153
0.0023299363486607564 0.0008850256288255478
-0.004487650800065415 0.0006136051692718384
-0.004349088987000293 0.0018893683449023482
-0.0033603571945514583 0.0012741400008739435
0.001242266905813758 0.002946716743431611
0.0037015910260712525 0.0037242347535872454
0.0027270191703458865 0.0028572783641755955
0.013335964624786914 0.005010931726168594
0.008507104502480985 0.003347825665089789
-0.006503629096302213 -0.00011079676427634573
0.0009165054306882806 0.0012006420923537631
0.001973861949487562 0.0026923376178760194
0.0029832111654202794 0.0037184923038538075
-0.0018969291003297986 0.002826778942589734
-0.00838430562034616 0.00013551002956652128
-0.0016082765301277345 0.002714914257914866
0.00014318630769931482 0.0004997686534213095
-0.011162436514137437 0.0009164191287144668
-0.011723200238359056 0.0002816278291033076
-0.011679660199420912 -0.0003291970366952973
-0.00558728037757542 0.002006805130764363
-0.0006016848511247437 0.0022419569134505078
-0.001777265477686693 0.0014509571064322247
0.0012642297196201258 0.004145943171987632
0.005962233137483541 0.005281511119985518
0.010657949578103267 0.0031318414453713954
0.002766259545451311 0.001958936034092899
-0.003016973278675666 5.098091999557e-5
0.0002706764930786331 0.0028254397224237735
-0.002555891682720907 0.003485911291740717
-0.0050749411131176805 0.002086248087777686
3.398795562214218e-5 0.0013555676005585664
0.0014942290940448463 0.002563425616660866
-0.0028860185968336205 0.0007885424912570288
-0.017280615215942634 -0.0033677482103661744
-0.005598022586310144 -0.0003872192019895515
-0.002259348656604337 0.00014968246083711326
0.0015557928206927551 -0.000567216067998607
-0.003571614066364084 0.0017009923455083794
-0.003010707304574967 -0.00023319748994121402
0.0030390154166857067 0.0016280445390195943
-0.004502452129911967 0.002819297692363632
-0.008571473436173097 0.0005721314123304808
-0.002643403608126475 0.003452695537896363
0.0036917128074845083 0.004582012481102774
-0.0029007405828679745 -0.00013859225349728023
0.0008376658050675042 0.0009464442092984214
-0.016693685739179474 -0.0029292877791966504
-0.005092681009914062 0.0005527495472910424
-0.013269010040322134 0.00043733902643214735
0.0004929991787120272 0.0026326550185695706
-0.0006504579252277771 0.0025875939120200454
-0.002456326779693728 0.0003902425748827676
-0.012316171101002927 -0.0030655801349627415
-0.004916510261922978 0.0005542806325357023
0.001707243606404115 0.0024221638512352973
0.006658299262217294 0.0028864884213086724
0.0018130991444157488 0.0030762480437132407
0.007359383768839816 0.003583370429853834
-0.0023447043725249145 0.0029004768083863756
0.0008026983150089948 0.0012810393610343915
0.00949473336528376 0.0034409487836217154
0.0013957722540825202 0.001422697541046184
0.0015898330968380093 0.002481797033477377
-0.008573012733508405 -0.00017119882042260633
0.001831547192988098 0.0015373918395942773
0.0038285865851341774 -0.00012006146720141685
0.0023177234399974146 -0.0005618340833311141
-0.001005623825718748 -0.0006711427283789026
-0.001214233447084736 -0.0009642254151698244
0.008467359882049198 0.0018955146379202397
-0.0055371127039938505 0.0010916939835295687
-0.0011703661425223441 0.00348511071096669
-0.006516415925933576 0.0015802014399720794
0.005210607201540328 0.0030952363760742597
-0.0035892128022352106 0.0004686589088924315
-0.005032135340933081 -0.0010454767612144804
-0.00428664836944545 8.456670533803824e-5
-0.005248220363834885 -0.00024123915489283017
-0.009702941432005866 -0.0007744347749087423
-0.009303151449226324 -0.0011650439625037687
-0.022081873592653196 -0.0041062200465025005
-0.01119255622341871 -0.003189130823855134
-0.01396808298130096 -0.0029858446848763276
-0.010651965263089385 -0.0019159333871393428
-0.010605534329705704 -0.0008189662698179424
-0.004887005136734403 0.0006783344243616876
0.001530541944368553 0.0017473039640629746
0.001840281289826486 0.0021502036002423912
-0.008975288491678265 -0.0014007859214666028
-0.004628117810709065 0.001606495311842114
-0.006991711313318358 0.001443694872736709
0.0009468894090114741 0.0016500196630956274
-0.0021100710896723644 0.0009290111996251187
0.0025747302571338154 0.0028387813419726185
0.011132084621464474 0.004067135425183275
-0.001820855833856102 0.001227508933977227
-0.00781380950438003 -0.001823143044520209
-0.010749968753304499 -0.001355565335407385
-0.0029294137858466795 0.0017918170231706373
0.0028341561303372536 0.0019014332588574436
-0.002568542402488069 0.0007158524032295875
-0.0036562126310912347 -0.000806406027796143
-0.002752440655871576 0.0004527318156424053
0.0012886385247071726 0.0005276756319793824
0.00556307170565945 0.00429776325527175
-0.001835692688165248 0.0031514355794647416
-0.004563209238994536 0.0014100305445211277
-0.005124031817925537 0.0004271646050608834
-0.00827358490718549 -0.0010001226323328681
-0.004487726908544156 -0.00044257509883568373
0.002263210190532062 -0.0003430199894311149
-0.003578983539342878 -0.0003784039995718814
0.004169028159083795 0.0016217553296767003
-0.00118290825538985 0.0013556676096663112
-0.00227197523658349 -0.0007899429439981457
-0.0099637918258617 -0.0021828649020818386
-0.005715260825280913 -0.002271286022603531
-0.010655586117201613 -0.0022383263332530546
-0.009373123473691354 -0.0019250613913087695
-0.011595382607662895 -0.00040084147057853646
-0.002063050034906855 0.00015082013017696453
-0.0021810641105387265 0.0001569191148201886
-0.0033960428359492544 -5.3737126571610164e-5
-0.011193952938687282 -0.0016478781315594367
0.0022823425964257947 -0.0005049405764953707
-0.0008604045427861533 0.0008971797886079932
-0.0052115727691695 0.0018121881684898618
-0.0014519503357470025 0.0034963213199675973
-0.001810874831031742 0.0021934849296630144
0.005680424130365038 0.001432597774960034
-0.010136415568031507 0.0013263337271625852
-0.003561202223606801 0.0007810603067793491
-0.01177463420020682 -0.0020837652467874473
-0.015877903239487443 -0.0036117029270262904
-0.008822937039279959 -0.002088200048165776
-0.0028024507667832165 -0.000810082584402459
-0.007573387497170602 -0.0005559387218182002
-0.009217114266348225 0.0019348962928994733
0.003539643875811987 0.002902168515208466
-0.009383748663225023 -0.0003515561299898416
-0.008474956384549457 0.0006422363954313605
0.0046385459693614 0.002512321792129002
-0.004503862617474668 0.004355763020134056
0.0007743717502986123 0.0025284455029219665
-0.0003744177547591146 0.0025644338080406696
-0.004034992274791303 0.0016702383066595505
0.004350103515786052 0.0031650381764307864
0.0026562998991849075 0.0044554429693349435
0.0002401713192988613 0.0030494681132841256
-0.003648599191999172 3.343525768633661e-5
0.0025451373982793048 0.0011905238513053478
0.0008530095693150569 0.0017788850712959722
-0.0029062702857755086 0.0009234691789011624
-0.0001784312560186911 0.000753731066121951
-0.000794361271360098 0.0023683914133615343
0.004031672759287521 0.0018721911863444469
-0.0021170460751627324 0.002888026776572938
-0.002801243390574965 0.003018283825538273
-0.0017108705657378587 0.0032890028623209075
0.003136283396844824 0.003635730354951707
0.010870225999482817 0.003817645978657064
-0.0021541002491567316 0.002546635112952818
-0.013616534438348173 -0.0008129820232780604
-0.009274017142379142 -0.0025840133127043034
-0.0010330272043408554 -0.000192672117524622
-0.006628225257952313 -0.0013988542548385842
-0.009135281803286498 0.0005421713952870284
-0.001818982149005662 0.0008837298000514668
0.0032430873199006307 0.002028875330199966
-0.0024487594087235446 0.0007702197081596447
-0.0035785528065091056 0.0014210888252044096
0.005176178486645088 0.0012495215794969556
-0.0029141757814641557 0.0002535930887891953
-0.012122832060687544 -0.001178289532799211
-0.009269792077445126 -0.001278097412806653
-0.005110093964897487 0.0007688696922320024
0.003448995588633542 0.0021657641157455717
-0.007751461933246565 -0.0012433630613972162
-0.007937166050177892 -0.0024288465518470825
-0.0014519460054749648 0.000737854472471255
-0.00643375081718581 -0.00022933305727302985
-0.005586738220074798 -0.00024139926317206224
0.002282565664970419 0.00012165593667847292
-0.0053281946890519445 -0.0008918450305409103
0.004288780690279805 0.000978925094933359
0.011782095025799199 0.004792277750775743
-0.008107656753792877 -0.000738935770433627
-0.010695458077153601 -0.0011627978172044624
-0.0023899406096138226 0.001401336956090825
-0.0051177181375580945 0.0007559688750324271
0.002269872724095565 0.001990312436174053
0.0008001225450010862 0.0018669878658711017
0.0015300975327828827 0.0035593955213241626
-0.011420456048241302 0.0017657750804141613
-0.010223618787473087 0.0007529447691572098
-0.010152988030505617 -0.0010141615531283207
-0.004868223920117178 -0.00011854404777049064
-0.006135114448423151 -0.0008299380601538945
-0.005137127408140179 0.001934393461378356
-0.0019770193556618164 0.003590186546222065
0.0022147958712113816 0.004076338463015685
-0.0012895857798197411 0.0015421613622416863
-0.011395102109028235 -0.0007916477432353056
-0.008334090569794386 -0.0022932978282492436
-0.0 0.0
