1.0 1.0
0.7757785993644493 0.5398576008185213
0.6206724607499395 0.3392204486375396
0.4406582237462055 0.22326209526950433
0.316006881828637 0.1508456153008767
0.23231197867402148 0.10399771346681205
0.15481277233479473 0.06947670434619835
0.12219614867166699 0.048964368724802226
0.09785137449688594 0.037582129008393694
0.07421341793159571 0.02707055684011555
0.043025364600349426 0.017279085371881477
0.03330332288964965 0.012607536066688466
0.021076909533004833 0.008978576355548582
0.018932936391624047 0.005904347803665312
0.01765850480445685 0.004881241545882918
0.012617693237733313 0.002743748707205438
0.0022865482396012817 0.00014674544963999366
-0.0046961230726069786 -0.0002930205472882303
0.004348163618685356 0.002204338544989875
0.0038544309422436705 0.0032215396284462666
0.01691937989596529 0.0036940226278096688
0.004496624501128232 0.0008864170429940757
-0.001726433559760934 -0.0010746742207365478
-0.012649264467048841 -0.002423427883956636
0.0017097060576820196 0.00023535605354712733
-0.010400510029335817 -0.0007674512108807669
-0.007200362647049082 1.0553706590531537e-5
-0.009706557578093317 -0.0005464467293382416
-0.013520625028835347 -0.0018766126091367245
-0.001170017123562587 -0.0012405101383359146
0.00289336944707555 -0.00016380164615749577
0.0031965951642461627 0.00032492988338802485
0.013166708638860979 0.002049248693159325
0.024759597942691832 0.004546250951631335
0.012869718579791524 0.00471930257865283
0.011644171227893192 0.0020776437687922687
0.017910680411906178 0.005945471838844323
0.01807618662208863 0.0042864176793262375
0.005955419068908218 0.00401597508313519
0.006406142031568812 0.005392595050136692
0.0019427815503664785 0.004440175800197279
-0.002506917498872827 0.0017213082484150409
-0.006063601348297034 -0.0008017612846772727
0.006682056219792716 0.0019349458498974469
-0.0005718216199693464 0.0006993033338102758
0.004692030531538522 0.000991128118112495
0.0003036541272252599 0.0020433279051919333
-0.005410848541674873 -0.0013019641665688595
0.005364137351436288 -0.0017942382372218115
0.011291009561095508 0.002198162643938121
-0.0033393839279590417 -0.0008012424831934459
-0.004681624582601233 -0.0002543921460620479
-0.007407777523565986 -0.0005097109679903755
0.0024494880810653295 0.0021748172118341617
0.003005457987921074 0.0029291533959789986
0.005877742734562527 0.0033258499470580818
-0.0001855223841534635 0.0034336806480801357
0.00846914907327814 0.002979042368591202
0.015634385840835062 0.004521337927692781
0.0099588091025195 0.0029964261341732185
0.003286165123036115 0.000570815315215058
0.004870193408643566 -0.0008328370034431224
-0.003159830872119607 0.0009186229842057822
0.0019357024370428584 0.00077821663344075
-0.004753686671440413 -0.0006025392950091489
0.004143561429765887 -0.0002465016308515505
0.003413104729935263 0.0014069159133267772
0.0016188753866213923 0.000900533538087993
0.010638345417036751 0.004147175013230093
0.014842395296390412 0.006875916358379355
0.0014599291552196047 0.002157312833119214
0.004254791338305271 0.0032350227775672135
-0.008688296725147088 0.002067532501251301
0.0029875383826949236 0.002798995008025962
0.0031460479231802305 0.00012046515815967731
0.012899288031764163 0.0015209116217748536
0.0037197310600609705 0.0004917256489333184
-0.014603978253301512 -0.003987600746528905
0.008414427962567158 0.0015969053256796953
0.017170176190718114 0.003460531964167482
-0.0012919905696861804 0.0031472883598735128
0.009624162650394825 0.0036841246829494153
0.002418705490729216 0.002010240111373347
0.000982812056442576 0.0027912201010149144
0.01418377223277643 0.0038971007782053553
0.01248186525071864 0.005877808667384449
0.012670494864539233 0.003384415446349135
0.0008046317285999989 0.0008809760288063747
0.0076461403369074005 0.0008842683663588481
-0.001018157785634985 -0.0007689499847196381
0.009116831600172653 0.0007436212748225734
0.003524169895965919 0.0005242059001479364
-0.005462833256487613 -0.0017262636293350361
-0.006612185467379175 -0.0012274459558478477
0.0033016292789340637 0.001404145388239847
0.005013603309182858 -0.0009454834985189926
-7.882513672229052e-5 0.0007696939598552865
-0.006686962141259108 0.0006786566825128807
-0.018524386374954425 -0.0021257031258366
-0.023860055419899145 -0.0024984186401436764
-0.01750506443237296 -0.0028081449654993496
-0.0015783196609189722 0.00024933790562029753
0.004013908072767303 -0.0012394945378841227
-0.00912129312885004 -0.001696898472746358
0.008464810122276569 0.0020574953925568194
0.010230522401159521 0.0014983535918119807
0.01734263102359672 0.0036698915084272853
-0.0002137956055957291 0.0018666976972187938
-0.00534076244901229 0.0002773258697210464
-0.014352061140710982 0.00037367907526577655
-0.008737453481828883 -0.002355712294307695
0.005015660640782015 0.0002739539577500891
0.0013358035727791405 9.670867164048311e-5
-0.0023394118599056697 -0.0011221039079645193
0.006574747575599356 0.00040521710224539247
0.0016470269960012353 -0.00017836213236979817
0.019390999655692326 0.003359067555473331
0.012489678827858857 0.0022436160912843715
0.012540330644117711 0.0021959726343615013
-0.0013740775416035912 0.001058231656597215
0.0032763348455595144 0.0025962369137753722
0.01942221391152434 0.0042146090803658765
0.0064136727558938775 0.003275713304905257
0.00839619447352653 0.003656045118704497
0.00735869325429551 0.0017035541000432375
-0.0034748782009121604 -0.0010136815542291183
0.005367239449578873 0.000526627850079521
-0.010490347260056498 -0.000977749687045161
-0.002236427517758939 0.0007277494289223402
0.00900657356016271 0.002354239622477306
0.009128844685341933 0.001486646568299949
-0.002982780810001132 -0.001961450792876085
-0.001281341757777469 -0.0006428875468885765
0.0022150559563239155 -0.00041230666079539115
0.009848576892212538 0.0024159009990012475
0.010285575140798756 0.0025540789190936905
0.016270557822026476 0.0020479640494908253
0.0025987929513334347 0.0006308843448874491
0.01032403819870244 -0.0002253582549984088
0.009948815103853467 0.0021496671879423484
0.009051057753090742 -9.416022005227171e-5
0.00018316995330572118 0.00015099942833590914
-0.0030614009334083564 -0.002925301025474732
0.020578053181638013 0.0027239790709981918
0.001635068539904154 0.0017940376470676938
0.011302747681933505 0.001191721839367172
0.0039128491141326716 0.0019331165689416424
0.0019079024920118706 0.0015791889572752667
0.008049169089896734 -0.0003388069407033576
-0.0 0.0
