1.0 1.0
0.8172140238906862 0.5409167373400768
0.670991970845213 0.34425468891957595
0.5148775825895199 0.23146652237139112
0.38348461109590554 0.15822506406084666
0.2803220348157507 0.1103863863983972
0.19886023401660582 0.07648190221141775
0.14202751180400097 0.05405173849435973
0.09617239669179334 0.037786530670781936
0.06614041263273282 0.027159748213141526
0.050763725310318884 0.019623809588510233
0.034053934891559424 0.013109396347494709
0.015094983405175889 0.007252511521771258
0.01565038901317239 0.00597492139753033
0.003489505401244562 0.00380296204746002
0.0008711571642677319 0.0027870805317402048
0.00257432310133136 0.0029084030644373027
0.007011777677328304 0.0017436417514859125
-0.010878236722461099 -0.0012907594981744013
-0.003040885558477143 -0.00015617979367943128
0.005702078202809977 -6.948149161969846e-5
-0.0021205763778305944 0.0013256369776877231
-0.001423130731204446 0.0003742087227720751
0.0026648684229071806 0.0019062724839836096
0.002896899372017339 0.000850872848599072
-0.0009108946553943267 -0.0007675745135028035
0.0026538603102606658 0.0002528159803599767
-0.002739072456996676 -0.0009877564158999636
-0.004352638803723674 -0.0006561960425072278
-0.010327614153023993 -0.002167115946031936
0.003453176624380332 -0.0001031750488703102
-0.007356085772093292 -0.0010025235809752668
-0.007224199571391583 -0.0003882403896465155
-0.0031191689732890456 0.00010891449434965775
-0.003730907247164276 0.00018414720521873885
-0.0025201426210185542 -0.0013352654076197762
-0.006399287409283449 -0.0012587241367800416
0.0011569944055028357 9.957145057929035e-5
-0.008952024233051975 -0.001535478301183009
-0.002858520639775575 0.0007121156586197455
-0.007333107504297984 -0.0007019472204544031
-0.012535132033319154 -0.0019144895049029082
-0.004380890490041442 -0.0005702606206430469
-0.002799905190551367 -0.0003818146556720773
-0.007908360885419035 -0.0009551656686542745
-0.003376347528079189 0.0007232546359991683
0.0015433929789708935 0.000762233662327571
-0.0027802352464440278 0.0002285340871942011
0.0006985424014100303 0.0004990303633564242
-0.005434125544725327 0.0016480620899927544
-0.005596312650095494 0.000520293354997256
-0.003296018851739254 -0.0002912364327143749
-0.009384990683436924 -0.0016977791778857796
-0.003155060074080036 -0.0008842525663941926
0.0025769445601620663 -0.0003074934185988691
-0.003070057150132564 0.0002853487525765347
0.002502212502633638 0.001844963132840365
0.0007107209902730021 -0.00025666052383679135
-0.001955206324177912 -0.00010400262019188823
-0.009211471473276889 -0.0005060234457314039
-0.012036363012679699 -0.0021958795586214715
-0.008687101386257098 -0.002135611917486471
-0.010991234482090741 -0.002456463202779099
-0.00522576517150788 -0.001601607624599196
0.003993411050140361 0.0001313799459462376
-0.001059305848850086 -0.0004155126130765275
0.0006712640202968514 0.0003319296157314817
-0.002923618523287418 -0.00020455738216200068
-0.0066349643783730015 -0.0013707050216955558
-0.0012964284526332615 -0.0014179906394456586
-0.008847892615870042 -0.0024462336905108385
-0.007193184747118923 -0.001683135786266645
-0.006258358225333917 -0.0027503092073536007
-0.0027331458855265633 -0.000965619481623405
-0.010993944275519097 -0.00027062379215002223
-0.013066926839899963 0.00022908398867247355
-0.0009317921763192614 0.0018355544979611592
0.0028165290984338088 0.0014339832408000904
0.0037438275117432033 0.002137343210725368
-0.0027220008614877492 0.00019420273945487232
-0.0007707565334431377 -0.00028427724879500753
-0.006993602648030852 -0.0015037203453304282
-0.006659931470184484 -0.001043761786735685
0.0016012648745087406 0.0003964882972710643
-0.0007597393531488519 0.00011526845398944584
-0.0028830585431090586 0.0006652304827519103
0.0016199885431931959 0.0010460927319882964
-0.003940786364786629 0.00026917014226119116
-0.004553829197986455 -0.0003194970963973006
-0.00407180032863341 -0.0004647551721025855
-0.004471591258321674 -0.00012166252871545885
-0.0015134761586130013 -0.0004571291403493979
-0.008321491180589176 -0.0012837963200788875
-0.010841824528795391 -0.0006407402496060158
-0.008846275979773536 0.00014529829405330303
0.004444588234496873 0.0013999485642669823
0.004076909747618434 0.0007116974909284691
0.0004186318236668357 0.0013394903829905918
0.011823490561631095 0.0024933618573639523
-0.0015965202086209247 -1.726110520960991e-5
-0.0023931979146980674 -0.0012422002302998165
-0.00558962381532499 -0.0011037421143360994
-0.009934594808319954 -0.0003683833092013622
-0.002074297311020062 0.0021386213835434564
-0.013071196099829676 -0.00037237417583159096
-0.0014338716626044047 0.001728894685297126
-0.006048489586725401 -0.00039204393508725623
-0.007006940162569426 -0.00039574687669741696
-0.0032863058562553516 -0.002217362465360569
0.002666253115996974 0.0009033242584596027
-9.694204943457488e-5 0.00010447874721517504
-0.008568189432175364 2.8685983969458166e-5
-0.0004553026897266288 0.0007333743506499241
-0.005765301562355996 0.0003312151265160103
-0.0006154840637807316 -0.0014904738000985891
0.0018540670541124986 -0.0009644065348065134
-0.0050321890264971025 -0.0013630950328824799
0.002065535389852349 0.0009105936485065019
-0.0142160567023439 -0.0026511984683015607
-0.011544010151574366 -0.0019210343228167016
-0.013620628240117609 -0.0023559326278181415
-0.008508681066155899 -0.0023262732328825125
0.005091644286047162 0.00010927292135480908
0.004227187534795908 0.0010564438385241217
0.010527644544284651 0.0028324573115483453
0.007685688710366309 0.0025140191284537153
0.013801390593369083 0.0032236167986184785
0.007359155386274723 0.0019699170596251536
-0.004428314941414549 0.000635423204312542
0.0006471175857346202 0.0009715125017083011
-0.006359747287336838 0.001609609454691277
-0.003205278533059531 0.0008607813124435771
-0.0039888777486158785 0.00042745455179962484
0.0007102113041618947 0.0017780798769270138
0.0002531934779641694 0.0005597822106598015
-0.0036392272445690123 1.1108751073237382e-6
-0.010011445290068567 0.00026766608817337383
0.0037802366235205444 0.0010770310829576906
0.012660732386710633 0.002677923506878411
-0.005896521179628687 0.0021221206931119367
0.006562062729607314 0.001808530152336179
-0.004789566191501233 0.00018067529405876398
-0.0038415290755842804 0.0009376749282179359
-0.0020653614696194227 -0.0012615185279553113
0.0008988118789888368 -0.0005410898504084706
-0.005946806609600638 0.00022858400978765017
0.006505727341406008 0.001612996786536156
-0.0008738867499587303 0.0006443622268498789
-0.003952927244201243 0.0010998849975645147
-0.007690213550667464 -5.012023235868537e-5
-0.00751461047200631 0.0006345788421678546
-0.00031462973819271835 -0.0005792395342956826
-0.0014381464122275674 -0.0006071075198204652
-0.0044958791883800775 -0.000925725177936678
-0.012085442209920824 -0.0024238016729256065
-0.004990833837566513 -0.0013145656745415777
-0.008883446430232315 -0.0019556945079836304
-0.006824165505119073 -0.0004684565548780262
0.0015569591388376058 0.002065851404999311
-0.00182873732688353 0.00036893071838125434
-0.006364096414911063 -0.0009030828615946386
-0.006771575011379456 -0.0019159146940372145
0.0026733689907166625 0.0007318489721667528
-0.0031138093982538526 9.6126954466561e-6
-0.007288726027389818 -0.00012888091001291295
-0.009280995105303372 -0.0004143249588313949
-0.0043002204372337765 -0.00025912424200672446
-0.0028840978095294252 -0.00029039823331031517
-3.3393048967669044e-6 1.5553373467716227e-5
-0.0016261775811225636 -0.0007345054650358642
-0.0029340464000662076 -0.0006047624355746961
-0.004231589144574403 -0.0013839490354663052
-0.016493172609777014 -0.001874508963644796
-0.010091957454891895 -0.0010175340508523792
0.0036651131912397413 0.0004956636806807267
-0.0022295285832111458 0.00013260899441688595
-0.0026241933191351466 0.0008426468186722645
-0.0033248372618489876 0.001041188379055544
0.002186491219668705 0.0013628484859863003
-0.0046167465067867685 -0.0008696386933083093
-0.008837089786254273 -0.0007128627111893472
0.0028424028826886474 0.00014101134437589675
0.015932212178158336 0.002712952621948055
0.009535603817397351 0.0021536812218909676
0.0013693258765768098 0.00195944191111716
-0.0008050877084733879 0.0019181123557402214
0.0006217877953025252 0.00275310388166568
0.004174113561683497 0.001190094849276423
-0.004749881267013717 -0.00010530783052265336
-0.001073739159646995 -0.00020397158289219957
0.0047585689295899306 0.0006185794111985509
-0.003461973420012043 -0.000296385087281627
-0.016736848561357005 -0.0023151058005902872
-0.005646704752259439 -0.0005795805030677518
0.008386074003590642 0.0013878222068201866
0.007837430121890062 0.00028575006672385277
-0.006459568369633319 -0.0014131907757780695
-0.0036339958841489555 -0.0006598040980315247
-0.010949481912289503 -0.0010365953365680178
-0.0024589740686196296 -0.0021654465434384454
-0.006801947829911073 -0.0004802690212165908
-0.009126772563076096 -0.0008206756021518149
0.003474870915224198 0.001909261635970977
-0.0007876069104986958 0.001056306226570762
-0.002953777537672556 0.00013950592478776592
0.0019353435964476996 0.0007952469526153258
-0.00664463807404161 -0.0006433757432634239
-0.007891764639584638 -0.0016865880094422583
-0.0019198379024948638 0.0002655753661089068
-0.006689963398014969 -0.0005064853522308041
0.001430923488176983 -0.00024171810397876254
-0.0110208764344344 -0.0008565326400406502
-0.014401037918877048 -0.001175070279392821
0.0060213698035644 0.00139952472921455
-0.0008595917399732982 0.00022669772739064293
-0.006718966390749287 9.879052788927695e-5
-0.00129933192763689 0.0007277745853392333
-0.005345678761243796 -0.0007970617895402401
0.006361940811497463 0.0006252099042179739
-0.004894359840965229 -0.0004657977726387046
-0.0022164477631060548 -0.0010136618825893908
-0.004311770723081831 0.000125017796788179
-0.002542988775674797 0.0001402426846032381
-0.0036837972103020223 -0.0011214233018627517
-0.004067494731359157 -9.45670917056497e-5
-0.005805968892567072 -0.00014513560732391307
5.0449990009478765e-5 0.001545537054626854
0.0029746980056564163 0.001759790168851816
-0.011272973387656707 -0.0009576924657301913
0.0049646553469731335 0.0017513183334937634
0.0009001391060211941 0.00013562582108016575
-0.004665366813587124 -0.0006132803875218213
-0.003834192064545763 -0.0010213974959891645
0.0013650334833614699 0.00047554355431179995
0.006098585406828932 0.0007540702306231614
-0.008766124537993027 -0.001829089267706414
-0.009343799655090416 -0.0010029326045417006
-0.0037439109576705375 0.00044482735383627394
-0.008872440590644341 -0.0003401569895108667
-0.0030810643261682206 -0.0001830001656494073
-0.006016005755513544 -0.0012971157815825068
-0.0023195226082891656 1.5484708212404387e-5
-0.0034986282042211254 -0.001120872609499843
-0.0032642278764622276 -0.000815272630733563
-0.010012062761122272 -0.0030237959438386345
-0.011479463191323234 -0.0031194460834320565
-0.0038108242172772535 -0.0013419240178784823
-0.00041817948532920783 -0.0012706117593420277
0.0010463533555865319 0.0004050203347049963
0.0005621307213470494 0.00017835877787988013
-0.004593240348951803 -0.00018556461333901474
0.0039034691276673473 0.0010794674517038048
-0.006862485475189944 -0.0005901286272577311
-0.0025980550630570753 -7.277601966469127e-5
0.003058828140814405 -0.0006173295768568541
0.003843963808928509 0.0015109482159832363
-9.330004800474703e-5 0.0008092617315543346
-0.002243004896799224 0.0004291583180091304
0.0015200960390435005 0.0016786166168502204
-0.0019608245813051766 0.0011107241625505878
-0.013874320085661283 -0.0002872775864231388
0.005111833308604001 0.0013783865707986238
-0.0012347865039755896 0.000527610883461328
0.0032774793258688838 0.000650632149614015
0.0026589472920992316 0.0009382126928572451
0.0047487677682165426 0.00014574211666103804
-0.008029963660457053 -0.0013811757485751037
-0.004959814644770208 -0.0013203925625827942
-3.759659219085749e-5 -0.0004408179110426514
0.004517892317475936 0.00014844387787296348
-0.005743305475463942 -0.00042139317249601015
0.012293047474405756 0.002124836704880421
0.00695657854344564 0.0020546452503803878
0.002085724102273634 0.00020317653629566763
0.003219637616518879 0.001119598422824562
-0.00442705524088508 -0.00105076748474433
0.005792853720947727 -0.00036835050846642715
-0.0022905907092219875 0.0008278356209112457
-0.00043311110004065644 0.0015596933921093762
-0.0007848888427821189 0.002286241508991005
0.0001425584607490243 0.0023829922005850655
0.0006963786060521254 0.0017998314255553054
-0.0007882223827888455 0.0009536019539192406
0.0036661414743544662 0.0014209554830168832
-0.0016726980494321008 -0.0002613103672412177
-0.0019575899340305127 0.0009451525280870329
0.012695600090626329 0.002455435746099578
0.002588027483101826 0.0014222434108069845
0.005737391334453042 0.001198600253703614
0.0070223742848708305 0.0018681431965190255
0.007532725950813925 0.001572176127631282
0.009055391286417781 0.0012526596037796892
0.010976034839686347 0.0015455283177208915
0.008297362366262986 0.0002005760743619405
0.0038324939316142686 0.00012350459656026733
-0.0009748520077447795 0.0002098563774062861
-0.0012011732190788764 -0.002095151110056355
-0.004759075562507529 -0.0015361427064874826
-0.0026198789425641495 -0.0005187924919304845
-0.0062391423004229014 -0.000835556596934524
-0.0014101522295558821 0.00024792990359947555
-0.00367358680149258 0.0005284909349957529
-0.003810685727354819 0.0013475883980616635
0.004836871253187777 0.0015236864755330645
0.004179707353063163 0.0017856696284476005
0.005118037762092474 -3.000848097316461e-6
0.000970588264482104 -0.0006875284741694362
0.001711335090208959 -0.00022909584353717925
-0.006689629326577593 -0.0021048385610728556
-0.0029955368901799636 -0.00155529544507561
0.0023761088390793312 -1.785099479706399e-5
-0.0069118620410057756 9.053693172846169e-5
-0.0008815661211946152 0.0015174224443859448
0.008532857776930908 0.0019488906943822917
-0.0027885119268602526 -4.292797130135164e-5
-0.0060041468634528805 -0.001230645684398622
-0.0004708869445648209 -0.0016043705004609706
-0.019623258888842594 -0.004656521002389441
-0.011694413160119847 -0.0030111284632602575
-0.01148429828268037 -0.0015795966253561642
-0.014048119990989925 -0.0017562800030867197
-0.011020678113766641 -0.0016178012547423007
-0.012310872815507112 -0.0021795601538883314
-0.008132218470486393 -0.00195655983586969
0.0005414112020554973 -0.0005903566036411503
0.00514294379679158 0.0006183894880628629
-0.009322060112724026 -0.0014573873411695007
-0.0188568805367064 -0.0016204536680191704
-0.00624054015435222 -0.00014665451187695399
0.0017806764497429466 0.0004323758959310582
-0.00010100227740147694 -0.0006069126798876887
0.0005435892628363351 0.000337883093423596
0.005419347540231641 0.0006553390121839557
-0.0004187984423447551 -0.0008533833048500811
-0.0023025334298856477 -0.0017893234300483116
-0.013878383336142974 -0.0020545281067824144
-0.02036538458162069 -0.0027478277825324143
-0.003661042466198051 -0.002420665772065593
-0.006798369040024133 -0.001579404111663402
-0.016059261175654288 -0.002032833413331374
-0.018236764234208443 -0.0021050072153878637
0.010233554971618535 0.0012248851549367446
0.0034208994179000607 0.001960653368541624
0.004289207935388406 0.000288119697216057
0.019067013347989496 0.002480684021025662
-0.0067946242387800304 0.0009497697453782945
-0.010192145624813433 -0.0015192867614956206
-0.007431598757243549 -0.0004784258293161084
-0.006822439163160476 -0.0007042116196600702
-0.00046741429711018 0.0006032449752577188
0.002597334130062495 0.0015956082267321672
0.0026088557948776903 0.0005580847115272481
0.004842972431148775 0.0010467389195641154
0.00032797398665939276 0.0004189397130425957
-0.0006422638098591531 -0.0002545899406035424
-0.002423443308917806 -0.00027782361059089296
-0.006786863080171847 -0.0009748995706675882
-0.0030999508917350827 -0.00024157680484451142
-0.00994051006177155 -0.001551794726700737
-0.01191407724588974 -0.0014806699208839394
-0.009512261649491632 -0.0003589184522224625
0.0007359156748439281 -1.7476953527489995e-5
-0.0049123835553885244 -0.0013421276885208417
0.005607971626712764 -0.0002878508927354423
-0.0006334942813435139 -0.0017525435325192644
-0.004976476479302126 -0.0009034685121867888
0.0027846711833157687 8.58690696150462e-5
-0.00333218129793267 -0.0009410262950532948
0.0021343298686662612 0.0015830006842504536
-0.002669664891001286 0.0010892569449044527
-0.011081020823628305 -0.0012782435884922932
-0.008745479333188482 -0.0007815113611234722
-0.004926415381449063 -0.0012449703893901442
0.008985203975868104 0.0008487324804568398
3.4540427525910586e-5 0.000401075834840806
-0.011560057638301799 -0.0013994453748600126
-0.02472593683837682 -0.0023372335667746647
-0.012406894943127692 -0.0015969090268865534
-0.005952060814714776 -0.00102472426204963
-0.004326859032626745 0.0004002532190908614
0.007317970072311961 0.00015989788421433445
0.004575000133598544 -0.0002493005624924156
-0.006227664539519681 -0.0001569593536544017
-0.0031401955297634737 0.0003705020779538248
-0.0034408878259772325 -0.000937338378484176
-0.0030630318116208898 -0.0004919347022345252
0.0005840325991744957 0.000670504514300909
-0.002602917111522925 -0.00030462559128093024
-0.001974373759523543 0.0006761759593323221
-0.00271986034964771 0.000686686906893082
-0.006137157586787855 -0.0015406516575670155
-0.0032801966068571747 -0.0009827280564202732
0.001868685216668944 -0.00019221141980714886
-0.003066208252483321 -0.0012995036119275727
0.005744439125125661 0.0005426402828491747
0.0003773966962755164 0.0005085841704409636
0.009270500717407395 0.0014399672246182456
0.0038400871777898482 0.0005963856492930954
0.00019891164715562848 0.0010346597954807857
-0.006531695733183719 -0.0007562672240952091
-0.00463769548468716 -0.0010147628479551438
-0.009634007840741534 -0.0009722079035278088
-0.0018117447360886726 -0.0005806109396820593
-0.004179965987293131 -0.0017880065392522943
-0.004968123614270959 -0.0009644760053108138
-0.0028371936698451034 -0.00023573914433510097
-0.013044779325567966 -0.0019909051721349507
-0.00360707181389488 0.00018433743820760155
0.0008027442975721772 -0.0004768648956513645
0.0024964657997674135 0.000729092252722521
-0.0033173615319046904 0.0006235204369648868
-0.006854354814389289 -0.00011587090581262186
-0.006997680566865933 1.657669083930618e-5
0.008512982429942246 0.0017231389037230091
0.0019470634267329434 0.0005239300158750458
-0.0031141543137477505 0.0003101941934632381
-0.007864252440219257 -0.0006957503730180805
-0.0018957032811791454 0.000388343151001783
0.0041447831482525855 0.0015044184975359744
0.005311555553613034 -0.00018466264928999635
-0.01057020309403208 -0.0023937103544824936
-0.009174259258590493 -0.001126165524616689
-4.974274175021613e-5 -0.00037943380176579924
-0.00232463252193392 -0.0013238292700143138
0.00026659479331616964 -0.0002804855369818916
0.00045702160434045604 0.00014550735963813878
0.006513278349561292 0.002508062862095648
0.008712134919417747 0.0021910915379481
-0.0003919615224189519 0.0007216055455629509
0.005244866582341181 0.0003308167701912078
-0.0003362314490171745 -0.0014749320167342088
-0.007022334287115125 -0.002052663494077288
-0.016065298515055133 -0.00225062943164537
-0.00614440202902289 -0.0015312773787073532
-0.005027116302025237 -0.0005106974544080962
-0.006683799031633957 -0.0003188395377623435
-0.0070675918692783895 0.0010801954953507489
-0.004980927398034301 -0.0009534454795000093
-0.006224417305848094 -0.0010904119731250884
-0.010756434878303626 -0.0023593333607808352
-0.005338608358202754 -0.0009885361528323253
-0.007388354501937709 -0.002411728854182154
-0.01161382057648829 -0.002858105566158091
-0.013107578170076344 -0.0021756274141815587
-0.008262605769662642 -0.000909721241130528
-0.015569466411136802 -0.0015562799949380873
-0.008944775125245056 -0.0013877500669149778
0.0030540405825115044 -0.0010977057531753283
-0.005687025153613702 -0.0010723575025821143
-0.00033179726198332625 2.9904193908059342e-5
0.004042451767809682 0.0009200918703130178
-0.005911251189123294 0.0002587142251894249
0.005772689810352927 0.0018094223492681172
0.0021559684476394167 0.0021310068481615015
0.008231826810372756 0.0014923363824130198
-0.0011061180856415723 0.0001170200702522807
-0.00678896650603666 -0.0012097874759776684
0.0003429091545021819 -0.0007406440042823734
-0.0045220776601726026 -5.3204484192449556e-5
-0.004837354700269576 -0.0003586766958797796
-0.007368689017857887 -0.0008571504755099852
-0.006209195499538996 -0.0008073153276200029
0.0027607510024159673 0.0005961500648382284
0.001955930766753222 0.0006587556429433273
0.007445436271313907 0.0004943037656927999
0.004506408705606414 0.0005304537498951391
-0.0015222801790217401 0.0008542754191987646
-0.004629152241506339 0.00041454209885949774
-0.00015350344199305051 0.001127155085993413
0.00033361710018844703 0.0021268547204576645
-0.0031372178770014258 0.00043131768334672715
-0.006867501612383027 0.0010049550450096545
0.0017586718670769689 0.0020330341161744676
0.005508518366108946 0.000887358800574787
-0.012906175068455487 -0.0015151900266201375
-0.0006967703025973276 -0.0012784630079196808
-0.009822452322811983 -0.0006358825731764641
-0.010359249934899825 -0.0009892663880247403
-0.008064867855360173 -0.00043916733344105766
-0.008348435836354784 -0.0015211898298919154
-0.015212744258575672 -0.001457219830669828
-0.009970169696779758 -0.0014122445118005605
0.0033881685323825495 0.0004102043866596864
-0.009378302069805024 -0.0014152516845396756
-0.007793934019163899 -0.0007417967645520696
0.0007857691789355086 -0.0008395071846399323
0.0033439087430090606 0.0007909363233834048
-0.0047235854518132845 0.0007610620863422851
-0.006293653009137702 -0.0005670316072265093
-0.00594417341792036 -0.0014265150858013024
-0.007258988870107625 -0.0014659422630911986
0.0030779447806723176 -0.0003908373815229515
0.0016931435407153284 0.0005710399817057886
0.002115161168404572 0.0018827261878242836
0.00858426990638927 0.002939619609041369
0.009150155997470127 0.0018441091508581498
-0.004514568473130937 0.0008140372756679346
0.004219508856601781 0.0024208881533539285
0.002482546059286911 0.0031484353665786648
-0.002041772505887173 0.002235808918000836
-0.007311758677208126 0.00012814210094864824
-0.004990799241092807 0.0005325003641922911
-0.0022131748813021836 0.0006689209983839061
-0.006315451311497318 -2.534894372673113e-5
0.00043710116395507924 0.0005760670063098735
-0.011131981511500813 0.0004605696469358649
0.00228351482951419 0.0009225727736812091
-0.0021466488149683664 0.0016590302504958896
-0.0038347443220185886 0.001102055410571343
-0.009536804329847572 -0.0001567263386609434
-0.0018987025942405749 -0.0007727335575352369
-0.0036412861361259908 0.00021889049758998925
-0.002991505063162814 -2.6533274739621358e-5
-0.0005115522682433412 -0.0009137997558318715
0.0019909081719097594 -0.0007801395842575046
-0.005521311510627087 -0.0004811865085828753
0.004666496664983596 0.0005884525486358262
0.003422999295756379 0.0013522361899370129
-0.00457125637603348 0.000550527607490556
-0.0043137186466913995 0.00017758096698570946
-0.004198072127912706 0.0005271053104684166
-0.0001262322855288547 0.0018564097771258522
-0.005873522598704778 -0.0006538066501467257
0.003626238856815766 0.001165459629398744
0.003149996295330043 0.0003387680567560552
-0.005185347215287405 -0.0008222996567294184
-0.005895332616665879 -0.0015718575415622261
-0.00805687460766353 -0.0012187685962975255
-0.001881327686535273 -0.0005683150846164205
0.0034149337262351876 0.0001514488059639541
0.0024306211731592907 -0.0008374998996832206
9.575542428816989e-5 4.065491430425203e-5
-0.003480457924885166 -0.0001756483768199488
0.0005695604419694133 -0.0003253497962049919
-0.0014133035169456088 0.0002344032069173832
-0.0059933054393106625 -0.0003291749769265622
-0.0031952168727489016 0.0009617848531457757
0.003111860334949573 0.00235487802303789
0.006579674047766939 0.001908678423507989
0.0054856105180512375 0.0007483670354010207
-0.010077441899942112 -0.0008985931030577016
-0.0038132234662084093 0.0014826557856180114
0.00235101758020659 0.0009946761284228129
-0.0020587872103087134 0.0003545689696198907
0.0066120105953726555 0.001412220727243418
0.0008414082491067843 -0.0006886178124308275
0.00855170691994357 0.0006104718516205648
-0.006452413184252182 -0.0014630831814969804
-0.0010622737300670765 -0.00019412707408338428
0.0003685400759986676 0.0010852341218904726
0.0027663677260804406 0.001334677124646389
-0.0015259706565338624 0.0012141122241735229
0.007574111545019526 0.0021162204463758523
0.00875044949220155 0.003628951622686424
0.0024461311181837274 0.0011828037663000341
-0.0003559007152600571 0.0006421516246463658
-0.004636517975262879 -0.00041509696902221257
-0.0005533528253372432 -0.0008124692410343007
0.00077993266302724 -0.0008389432323135606
0.004306225525597356 -0.00041369861044821953
0.0011346593921974372 0.00018536924800331716
0.0008159031933326968 0.0019528245164803985
0.007592199738344443 0.00355877392390584
0.008484928573820189 0.0025375337647573705
0.0075190983503180394 0.0028854350520693428
0.00773422216773689 0.002153548486139387
-0.007709608052930375 0.001982930676603499
0.00439275091157087 0.0017325947593662717
-0.000942172615979667 0.00034080808940685714
-0.005150831986253772 0.0002233278104409816
-0.005854024465578461 0.00017887839958736132
-0.0087453903039043 -0.000854083719353992
-0.001157246117994147 0.0002455174857601146
-0.0001110295624392899 0.0016276431308768163
-0.004860558515579345 0.0007730756313217226
0.0018541632580253962 0.000633317463528662
0.003004049106088253 0.0008714371923267501
-0.0019731466720559815 -0.000984155690929387
-0.009804571332911067 -0.002228272217222286
-0.007240920356399442 -0.0010215922831687814
-0.01174572357054131 -0.00180692757812827
-0.009620591342518905 -0.0015152457585748368
-0.00010919664370964951 -0.0006158613472371134
-0.0001835104394160017 -0.00023626122550894296
-0.0039035547746141064 -0.0009422260752869062
-0.0030512873731743956 0.0005320344651475531
-0.006819055948423583 -0.00033273002351522486
0.006188905343544377 0.0013770782171048076
0.0006781992905760032 0.0015457047002391683
0.005281673927807258 0.0012116728919374326
0.001698081258777134 0.0013372159458602338
-0.00564238119349193 0.0010040326051149206
0.004563611167453051 0.0021648935021173
-0.0009039532718418633 0.0015501119841396626
0.0006969867533727792 0.00018035143743624186
-0.009516064304001646 -0.0005354380717978204
-0.011279587007167342 -0.000612165925359017
-0.00584022062472524 -0.0004744356680859779
0.0005146529139221732 -0.00026073682545640973
-0.0031317139841123883 -0.00108349519873208
-0.006069159839815833 0.0001849022954129331
-0.01185799397396993 -0.0010521319860777245
-0.006653135219750731 -0.0014378720725158028
-0.004912813997050697 -0.0008435923070813746
0.004767288218751273 -0.00027668858304338476
0.0034591525077521763 0.0001419923004650099
-0.011199824856058206 -0.0014299122001385567
0.00033305785354836436 -0.0009455260972323804
-0.0040792710269740035 -0.000998452851675394
0.0013445199723641763 0.0006012839086016418
0.0015301486714706571 0.0007746739693106613
0.00495541899132261 0.0020551976833618184
0.002370041342858529 0.001413486308541288
-0.004872819646868849 -0.0007386839984774931
-0.011640156459195973 -0.0007936630464751914
-0.014878943776998617 -0.0024035748357476754
-0.0038533388235857517 -0.0007121610840085187
-0.0048590652672121665 -0.0010929680734912883
0.005869591377276406 0.0009015340196662122
0.002603301056495178 0.00023078829131563286
0.0029489719027507772 0.001424208504183057
0.0031738939266680176 0.0014192935102519276
0.008525989784699286 0.00270947794125901
0.01043602253354152 0.0029320149088800313
0.007768360505464218 0.002661686626198017
0.0011892188876463457 0.0012724124533995817
-0.0018794232689832036 4.849979508588834e-5
-0.006770997074925102 -0.00021734093513113852
-0.0015856998439315246 -0.00013018027288615985
-0.0021396862600632214 0.00012136250581235306
0.003696794475370594 0.0013666468463223542
-0.0008349020386431022 0.0009825532363125545
0.006828545225656414 0.00044731874154682735
0.00341509097251688 -0.00010144099835161135
-0.0017742939455585123 0.000903155697410545
-0.0021907829243072224 0.00018602206629763585
-0.00653602103381165 -0.000878133157424581
0.0034674356501522762 0.00027842283277753043
-0.0025900015961376754 0.0012214328611062902
-0.005198549951411642 0.0003992893100169982
-0.0002585078965150179 0.0017485648162674813
-0.002476866872712352 0.0010847902510971045
-0.002568226345707392 0.0013202219299267325
0.00260407474839949 0.0026361213101492686
0.0005550595687835448 0.0012317199753468387
-0.006015822966726906 -0.0010780005541988313
-0.009415781821819047 -0.0014583230082346726
-0.011273443208824074 -0.0015869345644284245
-0.0045738234814592495 -0.0009002562654803996
-0.008030430770089492 -0.0009945942507730411
-0.005978564243559444 -0.0019202711716051373
-0.007903700416909245 -0.001978755591542462
-0.00791923438655239 -0.001524008326021209
-0.004517151267903305 -0.001251180600235369
-0.007373389444566042 -0.0007283541542086942
-0.012246788024631519 -0.0025434261766274636
0.0007620344262218578 -0.00035813512501345346
0.009157283210142487 0.00022620123968466457
0.003957900824061135 0.00046203310944164725
-0.003536104476666457 -0.00089766255163211
-0.009465350871953536 -0.0009470630761983646
-0.0022098422070327534 -0.00017008856940746103
-0.001196948497901978 0.0002200747564908438
0.004910545797494846 0.0019309263013452536
0.0011923147323246524 0.00065294243704246
-0.0009333697285382284 0.00028310432891734064
0.006825509047180273 0.0010375166532546
0.010426581278327764 0.0019983935982557603
-0.002682596804032013 0.0016566533034230787
-0.005110679351461859 0.001030362035246522
0.002282340230694252 0.000945498073258562
-4.9302296080212644e-5 -0.00028697888107110704
0.0005702364003210851 0.0006950960951494558
0.00021070406027762353 -0.0007221461346680162
0.00024595950452978304 -0.0004662326378704746
-0.0003636032296136474 0.00028988552744378513
-0.004379013655183426 -5.8629908835716134e-5
0.0049937666149937505 -0.00018651244544340726
-0.005904136228170809 0.0009769680220982377
-0.005904252978968831 0.0006473819313846246
-0.005996602329569981 -0.000297353454157827
0.003097295898081014 0.0012166229059223897
-0.008652802519481343 9.261589926964048e-5
0.0015144541788346755 0.0011785038929683646
0.004759970572871861 0.0010932978709274027
-0.002733005922003662 0.0002950099235339826
-0.0058293055013345285 -0.0014939815144411808
-0.00176825870167039 -0.0010669156672058182
-0.010609051663869024 -0.0023480561633008835
-0.004197769863699757 -0.0016601433524242471
-0.010944461081358183 -0.002276760181012773
-0.0024668234198966256 -0.0010773932999964897
-0.004000775616810909 -0.00022039389443502587
-0.005717942151982364 -0.00016439405741131756
0.001706640366165363 -0.00018703353545913878
0.003571783641580817 -0.00017111579512877058
-0.00037187431768842923 0.00018727096475510503
-0.001142085329484987 0.00017560546244785522
-0.0005854983135497993 0.00040137738161712794
-0.0038784576661404714 -0.00012226972633671424
-0.000734586532923329 -0.000959923669262216
-0.0021631326753200142 -0.0019134609473093736
-0.0002572890583563832 -0.0016983424845366409
0.0002872411152502322 -0.0010553564173451456
-0.00041910566534328976 -0.0002483264539620863
-0.003617883702271334 -0.0008516158424416904
-0.009726881630664522 -0.0016409232738967903
-0.011489085844798458 -0.0034288765770050154
-0.011470858145598352 -0.0024981059558175016
-0.01629513894492125 -0.0027158938059438304
-0.016285961861600046 -0.0026631344574989647
-0.01052214522442793 -0.0029929058485184076
-0.010077567475566512 -0.0022214203496988896
-0.01268281400908572 -0.0021508597553159645
-0.007075292408497733 -0.0018085958028937318
-0.0030914537061499463 -0.0007715950068383014
-0.0006502137175238708 -0.000788605511651459
0.0011333724635768003 -0.0005730808772501942
0.00788093196432001 0.001169315920838721
0.002069117392799378 0.0006456935394611575
-8.302047304218703e-5 0.00039203210326276
-0.002069512265194613 -0.00044766601790588846
-0.005904928585531424 -0.0007183292050210719
-0.008671943693349182 -0.0020948297843407485
-0.003635347237952313 -0.0017032408118045584
-0.004202306553355572 -0.0016474098359893251
-0.003983502902167842 -0.0028792941441322805
0.0021047024487017623 -0.0007887025095903048
-0.0063236087543576645 -0.0008531353171121336
-0.006496146258793698 -0.0012917700664647957
-0.00018596845851411625 4.4499620246443245e-5
-0.004430839108068524 -0.00022461245087550009
0.0028393475080374588 0.0020561053518917817
0.001586341488432521 0.0016442845221453148
0.0033898330543567054 0.002038514916807126
-0.0014759113289322192 0.0002529328953772669
0.00042959443890346776 0.00012833669928873572
0.004646485358335464 0.00048783682994138304
-0.005298478596882625 0.000689706396597456
-0.010703910734496376 -0.00033722264910922517
-0.00791180745527016 -2.0758929781444436e-5
-0.002874607517705921 -0.0007049739667157845
-0.0013050550961233452 0.000221584095092135
-0.0024077468577688955 -0.0004376367182036957
0.007505964290477905 0.0009817650655653497
-0.009443930512255444 -0.0008517629286721786
-0.0017259853096695508 -0.00020693465459417992
-0.005320916148052511 -0.0003433285655257068
-0.006804647153312907 -0.00029761341663940387
-0.0030556648849682086 -0.0002370393427616752
-0.003058290575668651 0.0001160451361699684
-0.011916614989652716 -0.001808172515881865
-0.008703634581467515 -0.0005381722132188286
-0.003438984940046046 4.355593093343017e-5
0.0008555800593474448 0.0017595057721968832
0.0013403977690166291 0.001808632842920431
0.0035545544744504335 0.0011289277437898568
0.0008967350068448273 0.0027449196855696832
-0.00018090140432420348 0.003439682856827216
0.0029782634109945063 0.0021146398693143746
-0.003834458858990352 0.002721648470243745
-0.004327920179345395 0.001197462259692197
0.005671047009712021 0.0017111123771872652
0.005806164955012542 0.002636948777614105
0.001859014921845129 0.0015689822180140554
-0.00022289114229406267 0.001370964962974839
-0.003381823759401068 -0.0007353325649859217
-0.0005822235273159284 -0.0010879710623302133
-0.008301616589659 -0.002072027952107913
-0.00367082447878426 -1.61671426341451e-5
-0.0010493885862177454 0.0006087132303017193
-0.007644083047361566 1.776201446653058e-5
-0.00723729857901434 -0.0003089352697432669
-0.005437960768360235 0.0004722881719753358
0.004070173491521219 0.0010535155412406414
0.0008406635491830378 0.0012089033203880617
6.445134928473018e-5 0.000608035238282588
-0.008144622608305726 -0.0010569963048166692
-0.012800141438153868 -0.0027991438701301928
-0.0033038574283489087 -4.7089771703474786e-5
-0.002590641109476464 0.00027624989900881173
-0.008822686438163247 0.00032409889527732763
0.010274693804389168 0.003062303045363134
0.004225921557090344 0.0028354398955484175
0.004502194753277854 0.001303483211171597
-0.0032412454212354894 -0.0005115551369537369
-0.00572132786495155 -0.00032773540570180646
-0.006112088343952551 -0.0013448715437323418
-0.010617697052869036 -0.0013359372015536275
-0.007277025798603169 -0.0017914646721431957
-0.006728492496657832 -0.002490956090439134
-0.014125045015064046 -0.0033335365757015912
-0.006537530579973643 -0.0015811147083692801
-0.007417383500286162 -0.0010448945740503394
-0.010733259028139383 -0.00013142439403739933
-0.007588852710635497 -0.00038555904806278986
-0.0028820908571709734 0.0003382506185545575
-0.008234433145454556 -0.0005135377512398919
0.00014718818231524247 0.0008092284166146769
0.0005879716969484805 1.317348366792827e-5
-0.008794040995524869 -0.0007027479091691003
-0.003015843952762592 -0.00036511515008535685
-0.0005587947637572823 0.0005126857761860198
-0.009004353180964823 0.00020253982329938635
-0.010041460211294843 -0.0007735707940623449
-0.003320295583466145 -0.0012001835120500797
0.0008029286357056482 0.0003612685569130126
-0.00335552554005624 0.0003880343631115441
-0.0077436824120848515 -0.0013019435018169234
-0.0017823676454723112 -0.0003760578979145217
-0.0011151329747582802 0.001360885648184722
-0.004533148342439856 0.00042006540686380335
-0.003767387510691607 -0.0003742855047896473
-0.00703831056672919 -0.0010666695752682238
-0.001603976893657352 -0.0004890627798183127
-0.00021930514325094086 -0.00037642879915466437
-0.007957350410758124 -0.0003137059971235424
-0.0036772855178549336 -0.0006269343429800538
-0.005534327635246834 -0.0012943748648849669
-0.000678096646333143 -0.0003434819563239497
-0.009043268295472558 -0.00016245123306705476
-0.014375398912608294 -0.001109859647413554
-0.007244447733250507 -0.0006405722269877417
-0.01073556966677954 -0.000811559506182778
-0.003978953662497481 7.003296455637058e-5
-0.0031997640011759395 -0.0009874598588872456
-0.006383792834200499 3.484653431803792e-5
-0.008323950941408177 -0.0007726192270028917
0.0038842313766607067 0.0016998249484787968
0.007155334702015512 0.0008373960312754708
0.0022586968657164284 0.0003837708125945596
0.005776413526466643 0.0019299848960318976
-0.012858092180146491 -0.0012798988699244084
-0.006930852238325099 -0.00072646557889719
-0.008661976068272301 -0.0012162610070522882
-0.01099212543239832 -0.0011920211490777878
-0.010736366891763976 -0.0014257829100065178
-0.0068118945061448775 -0.0014318797144117728
-0.004886651836313793 -0.0020109600706482607
-0.0022610925534102743 -0.0015114673100905167
-0.003244484314308944 -0.0003701634429583748
-0.002734800355826555 -0.0007554364235513073
-0.0016234042878445882 -0.0006632359895427779
-0.0026293891382098674 3.3746334114509244e-5
0.0018321899213375552 0.00035254671662277774
-0.00021340048775913274 0.0003919042829368288
-0.003837699968366052 -0.0006828439977236638
3.701678246369017e-5 -5.4923826079524056e-5
-0.001713366617328501 -0.0008504198653734666
-0.012523153328184555 -0.0020585746614754656
-0.008336759087789237 -0.0017596159498214628
-0.01028157949450905 -0.0027529117671694615
-0.009635735635851848 -0.0007879309157508313
-0.010904759102358852 -0.0009780236163646932
-0.005701544074625176 -0.0011693280962515938
0.006821659108846755 0.0002929827771451791
0.0006281014139858612 -0.0006090358167721162
-0.002672038876394525 -0.0007454710389959248
0.004666248769888042 -4.1029568546435506e-5
-0.0019465338708767412 -0.00015381966575975277
-0.00320928418008489 -7.842149895241911e-5
-0.0021876665743031337 0.00037533128720836117
0.007893184576073704 0.002351108007417823
0.004595181377619883 0.001788178844177886
-0.0027213602282290653 -8.565053664069642e-5
-0.007988381339792119 -0.0007532495267646799
0.004057626212978966 -0.00015195492635054428
-0.00012653135905657783 -0.0001287033642159006
-0.00025889261856413225 0.0003815671922856573
-0.005338199822841762 -0.0007654502688593016
-0.0033985727470207954 5.0887020612388474e-5
0.01622501079424773 0.0021692843317409256
-0.0015425940692377434 -0.0008270327420558479
-0.014232617058479774 -0.0033486007840905
-0.005453093180198244 -0.0013377052119462765
0.0015717777350967015 0.0009621385315436304
-0.0002025627300108048 0.0010250265777711218
0.0023373588131465743 -0.00015905180444230837
0.0024964246599201282 -0.00011197617485073719
1.5687051493073878e-5 0.0004793910533771211
-0.0028089611487662146 0.002143272584973562
0.002521132393765142 0.0014509944028914634
-0.008292602609211443 0.00021251683308173486
0.00133103939462595 0.00130455852135327
0.001383071899314123 -0.00014258115683780413
0.0013161552467418213 -0.00033147204534217264
-0.007585610503863823 0.00015047336175758158
0.0015662673253204365 0.0020848701960647113
0.0030295590433801426 0.0023594126508634837
0.003935139163052912 0.0012281659361188786
-0.0010736719969090666 -7.874346966218526e-5
-0.0021834808436640408 -0.0010899401946571042
0.005142390488394534 0.00043269000851165916
0.006122966268840951 0.0005407358243807333
0.0019509898680751586 0.0015455391136846076
0.006112353970824972 0.002626848634154687
-0.010222933779550416 -0.0004288278570794758
-0.007215642295699591 -0.0006020755184837131
-0.004597596109310168 -0.0005080687771242796
-0.0016433663463670655 0.00019407919609450676
0.0034189506035652837 1.7615418997343416e-5
-0.008593502893366866 -0.0007667656698477056
-0.00028130873945912053 0.00042024367720216554
0.0008532041340671676 0.0013704215492991694
0.0010199016694628581 0.0010815499280366924
0.0008410803080541456 0.0013829869091954994
0.0006672907644254685 -3.7213280664070195e-5
-0.006065815404595031 4.3513638241840165e-5
-0.0008420687177410729 1.305438176524477e-5
-0.0054093138547034484 -0.0009097235059180643
-0.004043882012877254 0.00011881711745566078
0.0022644332222852372 -4.5355935886514576e-5
0.00403897533962224 0.0018578136716450645
0.01196171208311478 0.002827938018643504
0.004857020827973315 0.002519220074995705
0.009865385250869734 0.0018655424814625538
-0.0009470827638023713 0.0005817331754271373
-0.0026313091131487418 -0.0007585214702406679
0.0025935315419972392 -9.603224372410705e-5
-0.004790996704952572 -0.0001828705393764938
-0.008775645880900535 -0.0011777089296158894
-0.002579688945591483 1.927391403022359e-5
0.010885470307804153 0.001242859185456697
0.008763187468003327 0.00043394974562463093
-0.0017962761234201223 -0.00017926659902936826
-0.010444817837686115 -0.0015172605177606671
-0.0049763325347517385 -0.00014764065473683565
-0.006150317132041184 -0.0015726740579994698
-0.008857002588600607 -0.0014506650669015725
-0.0083138932483145 7.55462649079637e-5
-0.00788201146689502 -0.0012800930561849028
0.0023656207327655767 0.0003197210570404892
0.0012444499816861023 -0.0015707334865837429
-0.0018687573300131695 -0.0003807155859680124
-0.002847708800124582 0.00010544252413803215
0.00222089189954658 0.0006547045182627308
-0.00017553302969227114 0.00034031634925872357
-0.004332031942219799 -0.0008230344852421273
-0.004136712221206964 -0.0003251667784843408
-0.007157055354540331 -0.0008959542764386969
-0.00299759436908529 0.00022130555252345056
0.0016115250703503368 0.0002114174010426785
-0.011142773633834455 -0.001904604817041624
-0.008990891857840964 -0.001757107239674894
-0.004592974829908121 -0.0004694865417143453
-0.008307565015409987 0.00024377671575685883
-0.0055199678674313 -0.0006800047632941049
-0.006357207416382248 -0.0011421005386830691
-0.005328851216117459 0.00026237057625581346
0.003452256818551838 0.0010727541143226123
-0.009721694013472762 0.0002616074956584779
-0.002293940031775211 -0.0005678843999109929
-0.004467540216687868 -5.041151981674464e-5
0.0010020500762572752 -9.379793151320553e-6
0.0026426611731226145 0.0008761124038594256
0.002582270193110935 0.0005792599756505782
0.00020527864275717806 0.0015033271971500366
0.0068391181906041825 0.003636022586428197
-0.0026374643115017558 0.0013627617938254016
0.0011751386981491193 0.0009645856791311823
0.0026020861682866632 0.0008439950548111855
0.002018743269268989 0.0008121191309936909
0.007802773669648554 0.0020723340355088865
-0.0002835016633727384 0.0006053867390428007
0.007396149252334019 0.0010309008072403854
0.0012871829957065341 0.00037181205901774947
0.0006969181959945647 0.0010379675171951431
-0.009424935225220692 -0.0010718975833966947
-0.012657198753798145 -0.0020926103655446084
-0.000985583824561411 0.0005524126831926507
-0.011380593865673543 0.00027110801673752515
-0.004860323093158745 -0.0007159304513640714
0.002061301517284191 0.0008768726791354924
-0.002307600501784881 -0.0008291008352030439
-0.00668512823663765 -0.0008257175651665175
0.001112603631907922 -0.0010141226901879252
-0.008053769327367578 -0.0007478687511636787
-0.00125772045703384 -0.0002607115669013891
-0.005828557827585625 -0.0003490080391099242
0.0012321261965458914 0.0007236288440540873
0.004457226862323303 -0.0005163620450414899
-0.002532904258614686 -0.0003607119909221424
-0.005903439628548908 -4.6685186129396e-5
-0.010451556672428135 -0.0021012770400814372
0.008392192333608559 0.000996162928437036
-0.0032258841718674734 -0.0010973134941110842
-0.005419170590462784 -0.0014080321986824702
-0.007024897862830393 -0.0030001715088109064
-0.01678903707834184 -0.0028593573868434382
-0.015873609478041676 -0.0020088801036776205
-0.007296221835904211 -0.0019734284095378036
-0.00172360043856687 0.00046212759833084803
-0.003803224873654503 -0.00029301722821826814
0.0011385114424796573 0.0005804263149061056
-0.006040632998549007 -0.0002466425829360546
0.00010714814188353723 -0.00044764807498509087
-0.003381091328064475 0.0007703074338229636
0.0011788822018109547 0.00030970168194289507
-0.0026050856429246064 -0.0009028336410401997
-0.0 0.0
