1.0 1.0
0.8314863750598309 0.5403508185100329
0.7003955170176377 0.3452652555432988
0.5543085023992338 0.23306964542020125
0.429008856258402 0.16225574941283719
0.3303691466424177 0.11548422758435738
0.2526438290480098 0.08109159745811324
0.16936205783293856 0.05508479508347395
0.10306030175814779 0.03806853079306564
0.08461569271309789 0.02764650674216322
0.056168833099330594 0.01851542576228906
0.04646076874147998 0.014332233010228136
0.03608215144783947 0.008917385774299994
0.003872305857527134 0.0057335587369419785
-0.004307648466817875 0.0015858673770754522
-0.00807423528041894 0.0002546321395677024
-0.016454890019592397 -0.0016035896043102226
-0.005965482774205202 -0.0013128707276340596
-0.014871426858453702 -0.0012662191390427505
-0.012241732342225808 -0.0010066917268532587
-0.019212433058417733 -0.00466083025781653
-0.027093358286890173 -0.00436446450285435
-0.026889314177295755 -0.004387767135078888
-0.027428272085598848 -0.00415931297775391
-0.015483436767704552 -0.0035656426659700083
-0.018468572104944597 -0.002739300817829478
-0.014317878735367287 -0.003122061384127009
-0.017429298040086465 -0.0032582803718272367
-0.00860882331635371 -0.0017101723832330272
-0.02234031117905481 -0.004222947825025587
-0.01767862388925019 -0.0028119787070158358
-0.01885701159064202 -0.004712293508170445
-0.023009535409004255 -0.004950301940214665
-0.015349029515668048 -0.003852870839730209
-0.020206834503022776 -0.00358754016158004
-0.018621597530602482 -0.003086685075691675
-0.02567081885021224 -0.004450471089090308
-0.017868249403494907 -0.003408729749450101
0.0010285353751196687 -0.0009500847396000728
-0.013337430707332384 -0.0026696362985768217
-0.0009313644166881257 -0.0011728845685921915
-0.007935685286445567 -0.0019053506057529865
-0.020414739352168212 -0.004589859164592551
-0.015670299021466595 -0.0029588753242179382
-0.018992503872086727 -0.0030165868319363847
-0.019660618442147285 -0.002647782110757011
-0.013332552835768837 -0.0025551097446827
-0.010313336733832482 -0.0017944494976883552
-0.004564604708981776 0.0001375403602405255
-0.003779332271489705 -0.0004163237785190612
-0.01788552439970854 -0.0024207140109592435
-0.011733317030111512 -0.0032470405560687315
-0.011174911323304717 -0.002303091561169923
-0.00810393915782203 -0.0011167850508905734
-0.0018243101757106815 0.0002559291185115911
-0.006237623034298249 4.509027122249721e-5
-0.002374769007474059 -0.000991045816474842
-0.011482689744685273 -0.0011936563677709688
-0.0168530862265857 -0.002225533744350538
-0.0004024717174566633 -0.0022614913878755845
-0.000929888533402463 -0.0018343662399245325
-0.014549783332235043 -0.002553701692183271
-0.019282352839526118 -0.0025046151611469725
-0.02720120932315412 -0.0034650115787856124
-0.01291660948575575 -0.001907018756967865
-0.01943263844871973 -0.0032347379723634815
-0.03420255859950696 -0.006241558360961922
-0.03234123659257044 -0.006955287785963758
-0.035453430017672156 -0.005633266657113582
-0.03296221105040741 -0.006988744902721036
-0.02885583515189674 -0.004595797937517459
-0.020588111583458205 -0.002995045747066503
-0.03372782006878968 -0.0045489286927868034
-0.017391959918887825 -0.00357192282001196
-0.02028019196281735 -0.0040838837571877725
-0.016688186669934272 -0.0031079219005850016
-0.014544088040019838 -0.00019840791373643046
-0.02179446111749591 -0.003555607156595347
-0.022540189843004363 -0.0032894751091637584
-0.008621589325679175 -0.001260735864051891
-0.005426537632262422 -0.002209350124318307
0.00032858788512983166 -0.0013310661647377904
-0.012467330815418561 -0.0034830778039218907
-0.018483630343731204 -0.0026956355847920447
-0.021963728264611317 -0.0028501224773705334
-0.012315669613776024 -0.0004976824088407951
-0.018095957533407123 -0.0011266157508448683
-0.0026497064741262807 2.145330472780035e-5
-0.004658325479250217 0.00012470253932742113
-0.017944732604130285 -0.0014463544607239876
-0.006300230910773871 -0.0015098650193620213
-0.016755450007139405 -0.0023459973381496925
-0.01170217040552774 -0.003440200473237947
-0.005619871710034757 -0.002793276557782789
-0.01864866136251864 -0.0033443866370337317
-0.028029643388948453 -0.004766195268430738
-0.026443919911572876 -0.004416526774290898
-0.031206531780853634 -0.004438494987271058
-0.02062510476460044 -0.004052765702280631
-0.031581923768724096 -0.004942820204633049
-0.010014511072216214 -0.0033392381738413554
-0.013882710423142942 -0.0014558380733988895
-0.016664561310414126 -0.0020301733956889162
0.003026636992734394 -0.0013126239324833546
-0.007534205477706063 -0.0015095447369441145
0.0010571086618216979 -0.0014022812654450678
-0.022667202314753714 -0.005107590485797774
-0.02129838264011695 -0.0039749052224033726
-0.013540667338158422 -0.002253998981760504
-0.015873823629430725 -0.00359492119412812
-0.011116264663826926 -0.0021376385662839714
-0.022686149249070788 -0.002092125241010681
-0.006766624734681025 -0.002105855793132825
-0.008357257385495436 -0.0017271332445327392
-0.012273056434110542 -0.00220783368434126
-0.025836954604329984 -0.0010787114901607854
-0.009344177562989196 -0.0015037636270784287
0.00610513970288731 0.0003297517329385316
-0.011336452036058329 -0.0022917775801143455
-0.02409094145906193 -0.0040332275342851494
-0.025299604480171115 -0.004246711852594717
-0.020987197274474005 -0.0032196712057046624
-0.01584180185266668 -0.002821300359873164
-0.01936369379793118 -0.0018179882880139833
0.005904991625927516 0.0020516980471688333
0.003279886923379504 0.001497023872992716
-0.0057138047726579076 0.0006953520212484728
-0.006968967146966979 -0.0016473859754889942
-0.006540681648129929 -0.001880250065516809
-0.01414551691728416 -0.0017387501093633075
-0.01843222933151416 -0.0034906009070123363
-0.022648107472665175 -0.0040192585246403975
-0.015322802479630712 -0.0031528558403409604
-0.010076791385705157 -0.0006644956930725028
-0.011373119386631363 -0.0006858334300231414
-0.011952325068503699 -0.0006099352431942757
-0.009318593071620812 -3.552757147874367e-5
0.0013860304136741892 -0.000751075409053948
-0.009635444200709527 -0.0018057128487440545
-0.017963006269472885 -0.0017629411207571682
-0.02338690175761217 -0.00411203827621067
-0.020335254721135714 -0.00396847003449099
-0.01805862385347245 -0.0027930983456102916
-0.007785891310069427 -0.003547373321189219
-0.020568318332770324 -0.002699469037481912
-0.013080324933500712 -0.0009796082782046072
-0.007446541193885169 -0.0008500274268476746
0.0020662293648943688 -0.0013798339937464098
-0.003486315802051487 -0.000422332472243065
-0.0 0.0
