1.0 1.0
0.6609954636182221 0.5349702210792675
0.4384959750364776 0.32353749018812183
0.2943487106366246 0.2057637608613052
0.20392926759547847 0.13686050774722036
0.14307661668776814 0.09282525833454663
0.09297192808336112 0.0625157463845276
0.07172079152495334 0.04529996236932565
0.048893189658312845 0.03047649744203156
0.03536838347376671 0.02148373309078737
0.025927446895570295 0.015547726027932939
0.02737196813973861 0.01323537836007722
0.019012826198735053 0.008968666328884342
0.011867761548484429 0.007042480503228553
0.01253585523820448 0.006986171289972698
0.009212716808651262 0.005160087259790162
0.006493818509139113 0.005303201403187451
0.0131071248485593 0.006549638496191327
0.00873066106209238 0.0057843778779143465
0.008300605934762065 0.006230083003605312
0.015736080552832137 0.007994763022192422
0.012359359282936975 0.004511985128321805
0.018081085007965705 0.006090768695005682
0.009781081957667042 0.003496845754647385
0.007729500787968036 0.004045763102444653
0.009603567755970087 0.0025202840862800476
0.008945365121353173 0.003283779618583557
0.011618244645881544 0.005412945205925365
0.003983078973882866 0.002971145122440688
0.007351806395942319 0.0020052785554534407
0.008488733338918074 0.0009621649556322936
0.012010293095453154 0.002216732050523085
0.011334852769088893 0.0020392030116947383
0.010679941752458188 0.005034784903099362
0.0033010223771677027 0.0013179780319249419
0.00450150910829373 0.0027036198569480845
0.00928713568178869 0.0036846122806708254
0.009798590642546815 0.006740455701803238
0.014915915864910128 0.005729213730452623
0.011788147379681639 0.004904041861331081
0.003640855158526465 0.004973010956719452
0.00581834607710313 0.0051170752686396
0.005705309057578697 0.0043931212982514555
0.008674128511521287 0.005756552269683863
0.009010005304878867 0.006276704529203022
0.02187435020542318 0.009025167438801822
0.0210066198654808 0.010788299121437351
0.012856891734920783 0.006152144268885802
0.016677510381177943 0.005183191699400548
0.011089956097650884 0.0025263268756975867
0.0058329838240436796 0.004363472791295128
0.014752904792385103 0.0044747847639281255
0.014592839870518527 0.005584876401002199
0.020828537577020304 0.008058969829000175
0.014216751464880042 0.005978206585654204
0.013842333308663803 0.007177692599376278
0.013833437166771347 0.004138228183866589
0.010706568344526676 0.005890892362357948
0.010661669013097647 0.0036301026895853533
0.005766765493705429 0.00516751386578114
0.013912969853079698 0.006457189790450203
0.010220059175851708 0.00574084556991001
0.01655175789894485 0.007675557390752597
0.012101960323858026 0.005681185429405431
0.021379693621238344 0.007677518771440689
0.0113724953571062 0.002703106483753252
0.01322941380860327 0.004486737124817431
0.012083945530054846 0.007071349107552201
0.015189263291551819 0.006338872283797068
0.02038853612678258 0.009052791238485477
0.009046270696929771 0.0033045052209917506
0.010596566729045385 0.0043829570014555334
0.003873749056747445 0.003036451731889901
-0.003096326485484508 0.0009601427916609215
-0.0004537300587310831 -0.0009654340423989957
-0.0005364315239353446 -0.0010463111491882426
-0.001643230074889765 0.0005364647922356076
0.013941480526647914 0.005960314580623937
0.018525999325070864 0.009265011621808567
0.006760563551213981 0.0029831371573091937
0.005964293082977955 0.0021104707853675585
-0.000729526008331437 0.0006979952864912664
0.012802986643221395 0.0043396111125882314
0.01149561921338966 0.003059028257951253
0.012542363027827092 0.0027778978667911667
0.01112068516028093 0.0010485973864377376
0.0009226640060110712 0.0013365787747001072
0.02128490325798896 0.006107700158783715
0.010451644838247233 0.005443327130601733
0.012536467404017022 0.0044117193037356795
0.01542066885412267 0.008556127630111569
0.008725358190541047 0.004368818417989351
0.020341649465544866 0.007094753375757524
0.01258292170158993 0.004392381751586172
0.01291011775938433 0.006485378672074823
0.012305828575558685 0.00605533112699692
0.0048774826237075386 0.004299188426587493
0.017730571463526863 0.006757066341468174
0.01848536757638107 0.006355595555639038
0.008987108290011241 0.006407564724593212
0.010043955316329288 0.005361662602247763
0.01638324587461389 0.008380737598734858
0.016855715392386162 0.006547628969840292
0.010250945625321799 0.004819681456234759
0.009323799629518079 0.004323357459215997
0.010911077432804213 0.007484040596469153
0.012467804597997312 0.007584937661770263
0.014912242886676046 0.00731956314351672
0.01819764079038968 0.010925409033049949
0.020748358322518565 0.010160200999818545
0.0020886182154653387 0.002714550656925003
0.004367088325010085 0.0030247738317045183
0.016544115180174398 0.0063328012030998875
0.01299050602267665 0.003746294193209866
0.015017729309069439 0.006787725313975158
0.007064392687718613 0.002084159626617773
0.0060635898630910165 0.0027690182223052942
0.01053357476551117 0.0057669526731105895
0.010200916688786033 0.004711375313774296
0.012155381207211583 0.005185621657592663
0.012661888872154864 0.006406931300113752
0.015401349425782813 0.005807409252305865
0.02221223530504454 0.006186870650787682
0.006204528419534329 0.0036003539627521516
0.014700554678204145 0.006128283876658645
0.011282921940305944 0.004813879764259461
0.012936760073901644 0.00510218601579885
0.008817286561784324 0.0041482925645122464
0.0031994995741882084 0.004859578627524418
0.009944647579965915 0.0029861290692909806
0.003975898717887348 0.0021144947490492516
0.016993512345273774 0.005222309053025778
0.004836545940317718 0.00114600315061507
-0.00625393978601825 0.0005737191418844473
0.008719905989765032 0.0041837060362508545
0.012864801723547589 0.006476157144381073
0.006177830196543396 0.005079196266012266
0.006244250707888302 0.0017130386108837668
0.009290609437879007 0.0050092538405397905
0.011439064342633394 0.003778706272598572
0.00670326681960589 0.0042621155102776165
0.016097259587367664 0.007039287097981322
0.020802854986677582 0.009714915973594463
0.012940082902249364 0.006421935218697129
0.012286726226540387 0.005737407429187992
0.015940962729791067 0.005748766624181289
0.013924603160519205 0.005416622744427304
0.00573438737767195 0.0032019567102491357
0.012270783164649647 0.006960495314385414
0.005104964787450528 0.0011812748163983692
0.010421322711136955 0.0033575245072541555
0.010950527240982487 0.006089492749878838
0.01712864855777142 0.0074107299923867895
0.01604663268973603 0.007925334732055568
0.01170399824158346 0.006149713487310198
0.017634340062292943 0.01127601489241286
0.014477417439676864 0.00927206192163518
0.009035837161506079 0.004305894056647926
0.0063383170399173355 0.0007899354342355009
0.005241291834104969 0.00029742520001684866
0.013379243022716703 0.006469723711662472
0.006030715720127699 0.0028541631403172234
0.0037342512882001266 0.003713843202012231
0.0073986689703489815 0.0033111292882527584
0.013228688404315812 0.006559309650122144
0.010566835889351651 0.0059271514187240575
0.018442297706047318 0.009674075715522595
0.011142121842978124 0.007665471833784422
0.006956633443278139 0.003443388911281065
0.0017407089514024584 0.001698211989264246
-0.004296096946552634 0.0008818485133714891
0.004127046483259434 0.0014182184895782791
0.0030904054663662204 0.001094916960462093
0.009697190576490594 0.004162714725205136
0.011419327537690536 0.005802417348837939
0.021234225439027376 0.008959579884775498
0.007798331989606726 0.00691384462704847
0.014955229525320331 0.005215474688530447
0.008710280281844321 0.00683234589705831
0.00953026901125721 0.003660014257434267
0.007748555566380584 0.0030879763243560846
0.017434325602218092 0.005407862989668664
0.009306888611747662 0.0047757847421182635
0.006554037062084438 0.0030406357851571857
0.01587358576450474 0.005110277655098918
0.011062510637983365 0.005833401357256855
0.010059516604103251 0.008068060631953746
0.005609549458091804 0.003601030237011326
0.00784755761976344 0.00525946830277824
0.0131162954417648 0.00476725381353189
0.009167243566715728 0.005034115826718202
0.017039515754737326 0.007724927997863245
0.007593350564022273 0.005601145071074489
0.012276517768595967 0.008382728843555128
0.01250658792251027 0.005535821550072799
0.013373253815701909 0.003224164202589421
0.0022348385075161284 0.00038585456490333774
0.009424921000243313 0.0025803755523853907
0.009497481785431278 0.00231111228269491
-0.00015290751752195523 0.00019094686508131444
0.0008367609333219497 0.0007173020517488436
0.018311748147162934 0.00598202056557165
0.015668075693339927 0.00527224523334871
0.0085749941693092 0.006185892545143947
0.006362799751224625 0.004880988550247361
0.00832579410228015 0.003994710103869043
0.0029636817425397017 0.003219687901476095
0.007269686595143549 0.0016937616413015624
0.005987911696756688 0.002217687371819671
-0.0008776917345508786 0.00047764189598975245
-0.004667172346663894 -0.0018240910772278599
0.003384306450747734 0.0020152053029001086
0.00573183562977628 0.004929002716511763
0.01051562902600214 0.0055504865767379286
0.004378803882952558 0.004539442214896109
0.008035245568759071 0.005712794430589469
0.0025496434243115983 0.0015025703498804332
0.00622944502499409 0.00278486536077334
0.002863750867149582 0.0019725796988918102
0.004281857241273633 0.0026899925161646644
0.006394010875117068 0.002367985785620865
0.014298518463507054 0.008081127846612017
0.0176142750577183 0.009327222835456131
0.013480353364993815 0.005748608847556241
0.014562425811844911 0.0064295704117421065
0.011267896709324881 0.005419683099782833
0.009636848284947605 0.003958528216909783
0.013378917697871567 0.008383769236949412
0.003797180830322028 0.0022154743172736542
0.010429301515327463 0.003949490769132252
0.006390696400506184 0.004720272005159247
0.014089837735260789 0.00930995868268757
0.012595596903088145 0.006341947989774481
0.01412225051598476 0.005503428617757772
0.00614810174673872 0.002910946709423114
0.015182790538393054 0.00636631675804236
0.008593619546467082 0.004197401574968
0.012851118777153222 0.005370089334850442
0.013357926111047566 0.005130950235042129
0.0064918614724103554 0.004683026881351656
0.002961041454833989 0.0035752869077943644
0.003334882989401855 0.0009689444660749224
0.012049704439066923 0.0032786713632829275
0.012589450096259575 0.0039803886894399535
0.023112713501924613 0.0065372368789288786
0.014943485045566259 0.006751661233406737
0.017092278488726253 0.0074188078803478635
0.012429513638659377 0.004542793067879095
-0.0019524100557833754 -0.0011637237851588116
0.003192111636771046 0.00010032166568108663
0.01056234859785629 0.00428881129888005
0.014869487658166796 0.006141434935698312
0.005400898552956637 0.0038592174255971438
0.010363403028437378 0.004045264118238282
0.0087718175802853 0.004946175709655255
0.003973967799876841 0.003725623674533362
0.011636673704910023 0.006018719831955009
0.003156474529150234 0.003338055337613777
0.00955759129003614 0.005141645317205149
0.011336563365878686 0.004809650472004793
0.015596508462690043 0.006055264101946266
0.012229082115177798 0.007690101812940199
0.017442657520433957 0.008540262393593262
0.014441262236836432 0.008443755331699037
0.015084224122219067 0.006028901280244763
0.008244450436523892 0.00523624354432116
0.012748707136948667 0.007248316374685581
0.006961652690226151 0.004789129741873466
0.012244110050049923 0.0058013106176159745
0.010078312562898342 0.0061781486804984185
0.005704558851178359 0.003220860865306119
0.010400090083903721 0.005241172836578431
0.009190030092337596 0.004830694130613586
0.010792193163395119 0.002145367750528975
0.015551624256075298 0.006458439929672066
0.011989953613361195 0.0065266620682449435
0.014531972250097606 0.007222738130719238
0.016427220853199066 0.009684239638972369
0.01785107264940783 0.008941254597617855
0.02044957784270533 0.00836015455419936
0.016213939986017847 0.008179319666362069
0.015422998568913267 0.007906345914803277
0.024403011558585964 0.009290531476215615
0.026564825638729424 0.010576735570298602
0.007988067174524415 0.004766241547028883
0.00985419254694275 0.0029727642194622215
0.00626810197723732 0.003433348739547715
0.01052679996878245 0.0029285996735440344
0.01532463140589498 0.006584927052598711
0.00584995594473224 0.003362107920160796
0.0003458688553363878 0.0004450237262027045
0.010550493917926151 0.0038251042070298565
0.014538722678224484 0.005225266377762493
0.005911886208328784 0.001722625810661586
0.013382627293459844 0.004997939875511967
0.009527797408962844 0.00277553062629782
0.01347636998312051 0.0015889520694330075
0.011927765070783686 0.0025460799079462604
0.006449004363772178 0.0032767403263322357
0.008132834257472172 0.004549823791878086
0.012549054773963238 0.005065862789963926
0.008880715572770554 0.004604722105050908
0.01870760892766548 0.005683463054596375
0.004153461311266843 0.0021206313649035796
0.0023627294392611045 0.0026572925375922683
0.008106919835111373 0.001685051517626762
0.011814429207423136 0.0014659812247300736
0.010162982356887982 0.000941426794165843
0.005393563304804188 0.0020126846668198244
0.0013832253372051363 0.0008499807828120405
0.01103934896809727 0.005375539442787077
0.01576023348597548 0.006256999402338866
0.016863031261309693 0.006059200903671834
0.017223657448396577 0.005922311821379793
0.001409537235076801 0.0026856792457832313
0.004212887089903734 0.0029079379700456616
0.005595339648349527 0.003570777029393163
0.01091951979708453 0.005154404822982945
0.005338199493910705 0.0029317313045351063
0.0021641498878063646 0.0040139576518843974
0.010706837709301227 0.004770339327058892
0.010668885783265455 0.005546251196914246
-0.0020575680572427623 -0.0004926944306427039
-0.006255464728578263 -0.0038208402718701916
0.010429963873790303 0.0024655579049832985
0.01662823001380987 0.007821436002141868
0.016916248437652905 0.006314699536413904
0.01625247465191984 0.003168311692352138
0.015881582638505847 0.004378054076694426
0.006053889749351368 0.0030394721250363546
0.007697399599573302 0.004327171638898409
0.015751001687072084 0.0041146115860978905
0.004456545741411657 0.0007436415790223799
0.004931349967691418 0.0007489703764828278
0.011198929439075326 0.004089562118386549
0.019780872202641662 0.006959653000191598
0.005318555020518479 0.006223882783517823
0.005448802652007156 0.005627933038988017
0.014897769183697075 0.007713646690053295
0.011138778301311885 0.007036548500921682
0.017875516558333686 0.007760820482195124
0.00604756951221605 0.0027039684003188425
0.007983973009155907 0.004246280036557134
0.007170872904894226 0.004668022210328486
0.003492794142405465 0.005427518697981759
0.01508007442781243 0.009188667503294723
0.010352005535019453 0.006289026662331299
0.011225107993893224 0.0052267313828241796
0.01150229512209812 0.006352468392099294
0.012695754694596512 0.0047769694699030625
0.011824579092388862 0.005251674883498859
0.013150671563734968 0.0063245483287022106
0.016492646924251047 0.007286931740114616
0.017867015370842957 0.005199763214516791
0.017398969531218004 0.005158580481347976
0.019960432217837876 0.006722309682412338
0.017098754236754346 0.00542938463617608
0.00915227870912329 0.0032054047286292917
0.012556876279180356 0.0057106830541000485
0.0018477390177672399 0.0001235296681543843
0.011603042661630697 0.0059881143678899695
0.009876256774596288 0.004969632209122186
0.013462405501018987 0.008787069318258064
0.013248529765776321 0.009210174153844935
0.02417178920574888 0.012433990599516049
0.011727254882517166 0.006615804626354588
0.00855510173685967 0.00663488329381274
0.013005270249301584 0.006103904772500277
0.014978845523444691 0.006284149886305936
0.010051932024992511 0.0044690774805111
0.010029867085095451 0.004025407986978311
0.006810926861953381 0.0041741048530172286
0.019441640881881633 0.00860551622467686
0.011376997271821883 0.005351983935356903
0.014112797245464229 0.0059367706103671085
0.015280796960820799 0.006253931019441213
0.014619211152854873 0.007887894918663315
0.012067652939702843 0.004465174426923811
0.010559111342278474 0.004394436504540026
0.010357173176962173 0.0042501024257590725
0.015904013767462474 0.005159733373134137
0.005180495427663845 0.0008345707355977956
0.0054815084099568544 0.001401995566955019
0.008552217270337711 0.003236392189395798
0.007490987632259603 0.0022999848911348336
0.008539495086090018 0.003766897771269193
0.009570110874292747 0.00572494845092472
0.009533058463495989 0.005089837510863634
0.014319784019481537 0.0043518282722338295
0.00583203254460185 0.0028827380317044656
-0.0013881433302690045 -0.0010735778846283773
-0.004636543466173789 -0.001164669264018212
0.010145606320023296 0.004277329088498831
0.010505088019132261 0.0005541378844683044
0.006017706469057426 0.000741520159787785
0.006393041164663902 0.002842543350583571
-0.00532521937694232 0.0006521368531217472
0.01206840583527273 0.004980877442700393
0.01350257323900751 0.00549201342500282
0.006201460682766369 0.004167743878857577
0.006216791086267915 0.0003572943068321414
0.007422310072335329 0.001811096730499866
0.005024218250709313 0.0009089306896860083
0.017486928544165514 0.004811739665414699
0.011084089644691273 0.004003329309056673
0.010070132512809343 0.0058180838357157596
0.016832309644088297 0.008059453300766888
0.014232282698731044 0.006436693234551395
0.01136823703449494 0.005982850796059377
0.0083074475010865 0.003548889958045787
0.009441637035145584 0.00492275376811435
0.0050121363722725075 0.0013745205818713282
0.007192498349795302 -0.00058383562270249
0.002462403445591936 0.002797462525997294
0.00817487859234946 0.00363956675703799
0.003610756891028676 0.0025463757505731943
0.0048587383476326185 0.0017389401633167644
0.0038328226427060026 0.0025493381915626468
0.0021531437771500845 0.003052927890416792
0.011136345072703486 0.006461550607488503
0.007667556070795838 0.003728279116786642
0.01583673538454425 0.005950542181099672
0.006148639148063952 0.002507124493006274
0.01493240660865665 0.004212536830247276
0.01144483549021639 0.0028630400028573843
0.010142423501342167 0.0026664351327560904
0.008910360824445258 0.0036920809299446824
0.005837283441209368 0.002770375142861695
0.01830560677215986 0.0048132795885572986
0.010609123202266015 0.0039515856229603175
0.008962018438937762 0.005152799529079191
0.016362143275390127 0.00528803886216466
0.014123177634483616 0.005467524299650368
0.011676753006235762 0.006017354066306456
0.014188158736533294 0.00393381072970239
0.0095540134489474 0.004962093530734665
0.007442272011607114 0.003881109803267824
-0.0028676444518793867 0.0018451334905546105
0.004531013785484976 0.00461887588410588
0.013508435932717992 0.008124393703760583
0.009174336499360445 0.005768573543914425
0.006202411746220839 0.006263515720416028
-0.0010910684645192598 0.0012499112319760408
0.010699728533130897 0.006108076120922008
0.006984360867973504 0.0028012140539677597
0.008148314282796514 0.0039126924225046005
0.004408246389979038 0.0013515754166551666
0.010298143991753687 0.0031134653372146496
0.011041800224091017 0.004442745965713826
0.01185373509418464 0.002661605924093543
0.003294170655666435 0.0028081309940875816
0.011733043678812406 0.0024751068929137
0.013813334590491833 0.006653912149497936
0.01714586699868045 0.00937512362249867
0.011289258867557425 0.00402799658692566
0.005195017945789175 0.0004076223517514223
0.008139961634407396 0.0013341123731699586
0.016805711568292733 0.0034096216475644156
0.013232354269326266 0.003727278551431585
0.008035009649290735 0.001809218566900904
0.00794111551454794 0.0014831100465069588
0.00322383313013051 0.00027819670707732673
0.0010744996903997008 0.00038463107943437
0.005160628008093823 -0.0012156303535201152
0.004559857036877616 0.0013875361516299495
0.012011222856158705 0.004712131031079827
0.007831124838922596 0.003663402276009344
0.011233048330595144 0.004073401887804387
0.015793603988738525 0.0073497054579414085
0.01994633855807378 0.010550847516518523
0.013087576849691238 0.006399203585476947
0.01799971846290465 0.006418182366542998
0.013829875577274567 0.005714635937197764
0.011093813742233526 0.005126836490611663
0.010321019972601795 0.0041817955226051235
0.005586282761000349 0.0020906959399358675
0.000383827257636321 0.0031885370433743744
0.0005340058589592192 0.00037517840724129585
0.005320071438363807 0.0013900631878350092
0.012967835235304715 0.003386373585999269
0.017790204420190282 0.00724265000338867
0.01730850293877886 0.006998753192366155
0.016528792983031757 0.008419959268116959
0.012233059813822705 0.006973729149361273
0.016713531928721517 0.00706632104428539
0.013445778056456005 0.0039354684669071945
0.012274664751435153 0.004804735317163574
0.02568484324651276 0.00905700259002103
0.01237378585912854 0.0073443169379843005
0.013504949390316054 0.008002504054320923
0.014588015636753077 0.007514564853040393
0.01658791014112741 0.006292117913238545
0.009238233939633073 0.004353388425697705
0.010034333547597021 0.0030008633971618194
0.02433296653173244 0.008375345782510334
0.018321686537244704 0.005272354833384351
0.0054655804446686745 0.002783616535314652
0.014669331608091564 0.007857081580484293
0.0203295467423986 0.01117527373740559
0.014527007998558559 0.00905764198809062
0.0168713913246513 0.009741530455176752
0.014858382348409643 0.0072355889360258396
0.011132453140893834 0.005920609923816836
0.012624341490513438 0.006675315023188523
0.012581166574432978 0.0066196401073322225
0.01028036367761892 0.006038633676771275
0.013471869757442 0.00599215297120956
0.001549860137383719 0.002652584848771681
0.013167882783408814 0.006313409640987116
0.013309835064487019 0.0047992788315806625
0.012387598310401631 0.005150986409477174
0.018030784354000115 0.006185271372638843
0.019536418797531912 0.008426253597580053
0.01653791083774342 0.004915492524249476
0.009837760992948188 0.0066983256070422496
0.007842323417784538 0.006657373463644594
0.01318499503197889 0.005992096747673148
0.013960947306607255 0.0065909320306271
0.014044514771403342 0.0036149839225540024
0.014139816868406534 0.005809154144130435
0.013561218380146347 0.004543910183381086
0.016491198999254962 0.005156853281046297
0.01451722921515559 0.004534829485619974
0.010191085862514684 0.003945236490922522
0.011701529762116336 0.004081620835495628
0.004519004279432358 0.002495457766615442
0.005784249768962806 0.0023677867575811746
0.010194279176210786 0.002664013806100801
0.007407474435888778 0.004763295923661738
0.007744830217800775 0.003815355969618873
0.007449249583792544 0.004765188732554764
0.0034250055950548024 0.0028976744886277796
0.00012480071757267684 -0.0012001644709116065
-0.004751558489469096 -0.0014227157238195871
0.006250117997713934 0.003389414232901042
0.015820481103743744 0.005184811622661279
-0.00464366680009667 0.001230872453280296
0.01232817469747511 0.006390910683199827
0.010062892565502862 0.00536021284345936
0.00784904617532138 0.0028473769502138564
0.012577069280208865 0.004827918989681039
0.0073656549007639835 0.0017900812493041865
0.0034261587518152315 0.00386527707530439
0.013737681230499017 0.006163952448402282
0.01727317069446615 0.0069768028965284555
0.011736638461472736 0.004675048757506328
0.003334456645573696 0.0038317788870061253
0.0053775056771681535 0.0019422358729112893
0.00945542360815688 0.004328060296164063
0.011781097843005088 0.005715266844541981
0.0038517932629436673 0.0024339377767280753
0.005737044935870529 0.0028222979244253
0.003730687777950966 0.0010663220492940389
0.013405796103738571 0.004706286781849179
0.005994661409893307 0.004651764441589321
0.01124572510350713 0.005837699572967743
0.018712291929293027 0.009276925691017613
0.02265185303642179 0.009264320149206738
0.033764742317832545 0.01282275094026429
0.018426889824092813 0.0077832722841616455
0.013869913058781434 0.00624978158473964
0.012928760128737499 0.00526604291061313
0.012520286975065843 0.005263683180618086
0.016217362049393298 0.007438783194138627
0.01795145293954504 0.0050637747310619124
0.014138735851245464 0.0033413190043679424
0.010846641862658013 0.004785685702194843
0.01364975598973611 0.006868490941600468
0.015240410517636487 0.006253900699103223
0.008787345364204602 0.004172746598306509
0.010957244332121148 0.007289529393273661
0.01220125794391908 0.005541553033336309
0.012161092399573421 0.007379727423699599
0.018628325714500776 0.008921288428173036
0.018372258833525976 0.010048568719921451
0.015948244195067646 0.005477363612632276
-0.005845372665025439 0.0009954228363757828
0.0075068777400969285 0.002290681478784024
-0.0052106505784619535 -0.002574904371813067
-0.0007014022710303423 0.00029682304753546866
-0.0017704225859477415 -0.0005859531099290244
0.004099894885312716 0.0018297629422470334
0.004813333324639226 0.00155082335570571
0.013969641403741495 0.003399941480578705
0.005233673139712485 0.0027141919756376192
0.0017549164734609905 0.0018254332811455203
0.009099494266579878 0.002589232610202344
0.014376164110606252 0.006764480946776004
0.009582612646305133 0.0035125087302789386
0.00921084120131625 0.0034965645144632213
0.009026550105731891 0.004562341519047606
-1.897404207123071e-5 0.00226859167589443
0.00645636902617176 0.0027800147110145015
0.01223288576548101 0.005736749714695921
0.007593089594940729 0.004153930841754403
0.010552236677866814 0.0034958980127846096
0.016900822823290394 0.007656734075179884
0.014659550742422128 0.0054176698336383545
0.006894821928678207 0.004796126645879053
0.012819998317538519 0.005027726142301005
0.011082727411323276 0.003194939920056785
0.0008450374942592208 0.001253650958179159
0.00972103255580539 0.005232153896887763
0.012476891976406524 0.004035814559380296
0.009827153611042545 0.006014632823266904
0.0011550360217619873 0.003739206903861709
0.00544951367178291 0.0035963645505620685
0.011722452156098887 0.004723770902253225
0.008050861931824096 0.005036977542441516
0.01139525960831716 0.005875354584075112
0.014873480476019397 0.010996600975704528
0.021729540861973175 0.008220671238956156
0.018505967281973675 0.00824987463144362
0.014417599422860044 0.005413192998132345
0.0104072112877993 0.005680302014301796
0.0083615743872056 0.0067487548753424245
0.00844279893926456 0.006948383818432293
0.026678970597150506 0.010537566230167748
0.014030816775250615 0.00637551318530862
0.009776411209917499 0.004195657347094401
0.012920160885721038 0.00654269672377013
0.005231259803008366 0.0025229843839404396
0.004371795266025734 0.003809906317254317
0.01421913656343416 0.005036678580371015
0.00995251621144995 0.005773335883141398
0.008790805274026238 0.004063738847034995
0.017527671943122942 0.005911748364320255
0.016442293137199707 0.0066144489437916995
0.007361170082136775 0.004503142101895205
0.007094879131510096 0.0022900588495940533
0.005269028062436717 0.0015074183385480394
0.003318356979832726 0.0029791170016965378
0.011220825012649973 0.003655038377418445
0.011101775575310223 0.0030139793051125385
0.0022725654188860945 -0.0016611555006471321
0.0021790839290182183 -0.0003105895120663501
0.004593335635774588 0.0011886559671370953
0.01132488859002379 0.0024749561313648374
0.010256529866449334 0.0015919122945007528
0.004074532952234019 0.0017497612641704022
0.012466499266339357 0.005868859893340774
0.012638194415287267 0.005732777353694458
0.013712542369026982 0.005883502217185601
0.008849428439573813 0.005255297222828971
0.012426350725723954 0.005016755083128346
0.007803068147989078 0.0049275928784085965
0.011172511619824785 0.005176394467947963
0.019503923682690688 0.007097287343046266
0.02503796046928331 0.007561765742462589
0.019952422496044234 0.008918844289121075
0.005473149370467786 0.0034578710145426136
0.013160733211825495 0.006827364473202664
0.013687320306623025 0.009841194326503239
0.017224604306769635 0.009676118894741502
0.013224485285204597 0.006157694651269276
0.010338929151627638 0.006053941799597066
0.010836235533737235 0.00742939151571652
0.0046012239636461895 0.005127880910600175
0.018523434081475318 0.0053780725596123714
0.017345036747201004 0.004781788536532203
0.00964052693362008 0.004205785738954756
0.0048314187677236725 0.0028804745816102062
0.003064741935851384 0.00326166047839051
0.017531268931126272 0.0066435558115506554
0.014079727433842058 0.005982482232707009
0.013957251673016561 0.00701843834993134
0.010573925103703087 0.005553863472317368
0.0063545424695485965 0.007202766366332629
0.005175854883999423 0.0037675037075970094
0.015101482853103827 0.007115546907603066
0.006707923761503918 0.003166335838869449
0.009788330087324501 0.0018920397031346977
0.008720051563990734 0.004368116169537342
0.014449791894487736 0.007206665582023241
0.01632122150168359 0.005278665635893649
0.014962627538748734 0.005792834506776956
0.006603234524561061 0.004791509944846867
0.006934908535686994 0.006352849332408205
0.008248006034927792 0.004892622094515877
0.013737852172013272 0.005313055239448478
0.01008551553667824 0.003977196656666353
0.015068099448001247 0.00710973191367589
0.01314771425097197 0.0077896671450671945
0.009878459932772017 0.005434449028738956
0.0091664528384267 0.0022967307474691676
0.0015959581409166143 0.0008069400944385142
0.00750455332396172 0.004172892360131496
-0.0010270543587139363 0.002414989797029791
0.005107735650854625 0.003729983118172175
0.01325170827009015 0.005320008703939019
0.007741412051218898 0.0028499122950223707
0.006501932614876279 0.0034147478359835073
0.017006072616905347 0.007871572449043084
0.007111127882092515 0.005593925408722257
0.0175683748447307 0.010216007860319565
0.009619885883760768 0.0062657400198244
0.012357804748506144 0.005219186621629496
0.013524435434396359 0.004099926096522569
0.00906168419253456 0.0032702951693355195
0.013069112376130778 0.005556511229050322
0.020693709131402466 0.007910461723507891
0.015123675360464554 0.00899466126601467
0.013075459613959547 0.006259957782315713
0.022197991380657287 0.009463797052825029
0.01476704394581616 0.007733002839501072
0.02319896118856325 0.010118047929591317
0.019441152512071864 0.007859553279972039
0.018162623329404493 0.006351959967654809
0.016100849818972026 0.008765404257468478
0.01305100571867902 0.007376612404819608
0.01334129304958843 0.005656253159216434
0.017444906951533 0.007089424171115771
0.017927405400269155 0.006811251655829695
0.0077021268062662865 0.0032118657697621333
0.01331052322408294 0.007615251349391019
0.011848167010114112 0.004635974163520249
0.014967764014459997 0.006821227460587317
0.01025721985978386 0.005135897440038883
0.01198164911748104 0.0049544706780124724
0.007367711720894089 0.0033679852624992346
0.00687886346113089 0.004333925395838472
0.010618893500446598 0.005041319059962599
0.010045829740842388 0.002356495872248825
0.006851779875585156 0.0030341119222002458
0.0019353889898683925 0.004633258906274794
0.013751462224369857 0.007618700451228022
0.017150116370994693 0.006522740060731047
0.015152743773896023 0.005985989553072927
0.008900470984039446 0.0041099702554959205
0.01444605011001149 0.007538679463565183
0.014111008331024794 0.0067428325104311425
0.007993994393824614 0.0017111678196195558
0.010415540936806954 0.0036612431127503835
0.002021694276525353 0.001572347297104696
0.004270373978992755 0.0014466159083564242
0.003721265940073925 -0.002045275763465818
0.007610050024029134 0.0012188568341428194
0.005234896945671599 0.00022490667664151068
0.01582704239751702 0.004958879166856608
0.01773016615477803 0.007715783625126896
0.021921522432703348 0.009660472431202584
0.014023358132942377 0.005485024799134575
0.018137185518388232 0.007150405617670976
0.025638716305231114 0.013100214708799638
0.03094894052578864 0.012435599636680011
0.028407871871580812 0.011528372756621972
0.022579608851426708 0.009551649865645953
0.017158283310011086 0.007701242848534768
0.02068198325064911 0.01012789499349818
0.02200353239522099 0.008239083371259049
0.01794163367225271 0.006614673088949272
0.012470534455616716 0.006992256725896577
0.009184443488157303 0.004790836095535217
0.010334873762750005 0.003018395039021704
0.007870150554308819 0.0011546776941183628
0.015083532086157677 0.0053665302909817695
0.02455622594011742 0.009699577977414196
0.009762063760300244 0.006024529902498205
0.010049555198059924 0.006418298566610631
0.016812015043241906 0.008914891569265894
0.010667685638199264 0.006235591210803185
0.009081971360404922 0.005120564915430378
0.005067059800172456 0.002491985083844083
0.00943385606910395 0.0022774920183741346
0.008198112780547098 0.002140267167453094
0.009361861296823659 0.004490002227825119
0.011550837101399586 0.00469242611185466
0.007445368966583106 0.006371508581542418
0.012355366990540087 0.0050919134204819635
0.01904849988214355 0.008795082968051074
0.012632787439398182 0.007636352840157479
0.012197807700665378 0.006365901023978315
0.012356094774508965 0.005997815798381212
0.017709735961639748 0.008764170042301017
0.02584002229485551 0.009002191030673255
0.012697934456906432 0.005014997950988716
0.011462540890094507 0.007024102983998687
0.011424529311535276 0.00472365526629665
0.013996529496237016 0.004774462687622166
-0.0006801309901437187 0.00031485467546719633
0.011501764509438349 0.0034606323116759064
0.007440627114765353 0.0013558706489347754
0.01059956387742321 0.0026718043098666053
0.003962965499898167 0.003603419536662481
0.00897886915601998 0.005134398319540223
0.01459956672273033 0.006735770441945422
0.015478086093287602 0.005397924941539942
0.019855110438348006 0.007812839944326412
0.00723941834036416 0.0052765673310351405
0.017394453233848247 0.007325166456271053
0.01359531391449895 0.004962083708320012
0.004115789684563636 0.003224478008623221
0.007839500605633308 0.0039038470432713364
0.0018247847632657003 0.002713292096050576
0.005976805249056141 0.0024806296315980705
0.0035794305507803677 0.0009958624043897024
0.004667447791836367 0.00018776542895043886
0.004713099585445588 0.0005358624285202464
0.010094167956489992 0.0023871547067237865
0.019275356414785196 0.005557327470850557
0.00914809570543802 0.0029412174364889755
0.01090301629493072 0.0040404161431369405
0.004177520880777724 0.0010190643852709105
0.00527540259490985 0.004163976557561978
0.005713337257422152 0.00585326555202991
0.010113288033755214 0.007462557343821808
0.012987026574686145 0.008665901859251106
0.010220310363288371 0.007315522976714085
0.01638275535035218 0.006871941984337882
0.010559876065097203 0.004357278166634106
0.0020050441859386864 0.0009628242519685083
0.010437244396150083 0.0024445091407667664
0.0016979307959530323 0.0019275972694746107
-0.0010830971359037365 0.0015578674486535751
0.011804586910793577 0.003865010088941032
0.006856090649159414 0.002623338247226819
0.010264123948233742 0.0038199645421706087
0.015242968392969977 0.00783989661629975
0.025238186837293744 0.010582397012590828
0.016321688115362665 0.009263553690837398
0.010924069589316002 0.007093535481418679
0.015324798735211186 0.005694161685698044
0.013982842913211257 0.00698825837194824
0.010507267881827992 0.0044533606468370015
0.007688572927434009 0.002652758090722145
0.007526990895149194 0.0036179629352340575
-0.0003935429787619296 0.000593244641937961
0.008115840376735472 0.003981478369827891
0.015309317441383554 0.007303582413808499
0.001225799041031507 0.0019198019643863647
0.0022338682301573294 0.0017079528843274789
0.006480428933169397 0.001753445787975313
0.003811279266458582 0.0032776217862488777
0.005574901882966033 0.0033518273062303067
0.011472137523850333 0.005156334045442442
0.011644199348881662 0.0048696046079949535
0.0033238376059483874 0.0022832284548573033
-0.0028288882772808826 0.0019956877113249337
0.011126066714598197 0.0066299011560939
0.018413495819766344 0.007285243782750659
0.020311282940145448 0.006768229710888698
0.015567989252784685 0.007689430923500852
0.005563601310136163 0.0034327466127557532
0.0061530963237817595 0.0019990391768984024
-0.00246678233949457 0.001062197206104142
0.002205230385457914 0.00046635602269966595
0.008851599619323658 0.0013012027947595208
0.01874819799226059 0.005112280437845425
0.011322272604314143 0.004528317408805829
0.00599313793431092 0.0029617330199509313
0.012731467722022622 0.005398661740941982
0.007689968601452437 0.0048217018998725
0.006522382147099847 0.0024783415711888243
0.00799885315997583 0.003261326790146126
0.012528143179346274 0.006408913760326113
0.00349141039287153 0.003040176587954385
0.0012472295037081688 0.002199688152625581
0.005358031003584539 0.0018481670199018685
0.010112683962330653 0.004518039505513072
0.012829185162471083 0.006667072845433876
0.01366472536249958 0.005978366578068606
0.016676506920075378 0.00607955368917347
0.009101393081756051 0.005556421744666029
0.007426794344067337 0.0038908103625993604
0.0036559670844209954 0.00012018166432541877
0.0011019887927670015 0.0008767735135612976
0.006412835838054218 0.002112164932072767
0.012527874098450265 0.004624443806595996
0.01918170727834612 0.005932150671485011
0.015440986157686097 0.006105181603911237
0.004902630384705291 0.0038625896621031384
0.0054746022101804905 0.004284916564934976
0.0020431456078983637 0.0023503271854208646
0.009434830166046765 0.0036538201047481246
-0.004783689719102627 -0.0009326190918047088
-0.0008908058864477877 -0.000724153961581058
-0.002288662867662717 -0.00102336205929172
0.01129785717431526 0.002472496951516595
0.014497782762317321 0.00489883336688538
0.013606247488277658 0.005632750202814849
0.00897722354469184 0.004733069552430073
0.007396232292897799 0.0036392070390661897
0.00642555227524849 0.0016748518719094543
0.005572806194010561 0.0035633977285146083
0.005055781841305126 0.0017155469656116866
0.016877459743422963 0.007517773929417629
0.01974152197667293 0.008407115950381147
0.009386038750924345 0.007424278032646215
0.014938332225820337 0.007831748369356262
0.008313415615579686 0.004432896310385162
0.019129811563477043 0.007416251078333004
0.018553582416473768 0.006877421948393932
0.006395194815401646 0.005606140695701187
0.01469328484867159 0.0068958605662433
0.011342615518532578 0.004361915328849905
0.0106773218749819 0.0052720873367084545
0.020010581972581414 0.009195934873559197
0.021203266323871768 0.0070084713500787625
0.01287723549994032 0.003172721776234565
0.014784207034382406 0.004765978211802335
0.020551514896900526 0.007688742059276953
0.012239039914246654 0.00826647742118729
0.017798500189678417 0.008084917923945896
0.012524320678578534 0.005550118367542265
0.01237728865596188 0.008931320208191137
0.01049501859214525 0.006786641843803058
0.009740461441026147 0.005336321097943121
0.016853049899223028 0.004844727517470646
0.012756604670178655 0.007115398254158486
0.010443093175369105 0.006250865110481368
0.01159870587579729 0.007152688243066558
0.009156587418928606 0.004945417614121441
0.007606538892627425 0.0020389046439103138
0.017109858996853106 0.006790742009443888
0.00028161511612923143 0.001754123519588751
-8.349174884231994e-5 0.0022519325313622614
0.005305842760335325 0.0029055257208393053
0.005749024192507995 0.0020284696849407553
0.00795166165602137 0.003989980556922871
0.006082118075931154 0.004003287580720789
0.007499304729137402 0.002249667194147557
0.0046524119589961615 0.0015573731713667532
0.010287302768491897 0.004009940384918734
0.008324657782378309 0.004828908063531615
0.004960390895677553 0.0018473947358968333
0.008615917238741028 0.0017696658283983648
0.0032704833956913337 0.0009639354240141543
0.008133422329774289 0.0028489462018948726
0.012510321889366604 0.0033083177299070288
0.002233809786205062 0.000601028841522093
0.0030708295127933804 0.002746211521329783
0.013080824866971466 0.006396778142597726
0.010210789214561016 0.0071832570358778495
0.010430894386364095 0.005202792158978
0.008996449698897761 0.0033086826703762062
-0.006643962939168146 -0.00212728677928726
0.0037336463452885 0.000500348175167416
0.015262519479111308 0.005334625284216885
0.016570627367443407 0.00476982009231575
0.010830557205864944 0.005123955553429155
0.011751054797900224 0.005106460239665493
0.023262622674753142 0.009173173470132058
0.020245903969213858 0.007140242581858339
0.0034903480937595174 0.003074416691599014
0.009773573945337276 0.00717328596642039
0.011119958700543013 0.0063291125936855925
0.012461022844692856 0.005873841941347242
0.015230287964402888 0.004258758046166359
0.008090008306485257 0.005769170363928295
0.01760535454258562 0.0044896392119795165
0.01001801394278735 0.0038600006143709367
0.014429430401937147 0.00453073132893394
0.007793845484652855 0.0028363228751661237
0.00556159966159541 0.000468033023113866
0.012589669235818645 0.002497817137347234
0.0062872798246374545 0.0007900082914040938
0.010905627381585624 0.004997267042836431
0.012011011675504567 0.0035659790771391912
0.010442066144884498 0.0034998161445841023
0.007506407480972921 0.003989213301887366
0.0014744764692254605 0.0006167731710824912
-0.0013220266720668438 4.025041608707566e-5
0.008739742961741247 0.002779908801029336
0.01625379652781833 0.007620717882973469
0.00922767832248396 0.0049906759491514475
-0.0022122696184960055 0.001383370118061333
0.007890868945077123 0.003205073152883049
0.008669916586828414 0.003188427987662281
0.007991061534057377 0.004294620304520464
0.00711382434536922 0.0043388005932448355
0.016043861631511478 0.003780330850457458
0.00498216728079371 -0.0003000927278025757
0.002786861938681927 -0.0010192978709000777
0.003990997363019042 -0.00018270237176728867
0.008489466257342424 0.004550395510805171
0.007284255383993792 0.0030726089838324614
0.011630599028764595 0.0022132603457846504
0.009452585988418992 0.0022924763344960583
0.012211911690461106 0.0045000705688025494
0.014009226810520038 0.006431887046244672
0.017825867236388203 0.004750124242610451
0.016710278600305002 0.005479732268850081
-0.003216662134973617 0.000577151778323523
0.008631076750361497 0.0032952358124733573
0.0159236956668219 0.004692936394697992
0.0045953656098703536 -4.6481589150926576e-5
0.006713873894543594 0.00126422626883307
0.013215751372464063 0.00351670191000585
0.01021288560381466 0.0047212591479419376
0.00973365023300677 0.006828689902342303
0.016980669031614458 0.008458519103251355
0.009985489584264404 0.007292133258006715
0.011492730929061109 0.003214935363325332
0.009912829741742478 0.003368245849061074
0.01442344830198963 0.007782251012009373
0.01880271340075805 0.0070545193721085085
0.010994675716254277 0.003249022078720619
0.011723279033004269 0.004421470349670542
0.010384090346218072 0.0024057306748856916
-0.0 0.0
