0.8333333333333334 591.4201496617341 350361.85180808447 1.235617692276636e11 -1536.5046775643966 2.363302190093143e6 264.2549333333333 486.7153184804678 1705.2541082446828 0.6644716375917263
0.8264462809917356 584.9332954658839 342798.1113620212 1.1839289657696695e11 -1519.0810644019984 2.310249860887256e6 256.5571111111111 538.141502018283 1804.9181494075615 0.6641637666859411
0.819672131147541 578.5675508171994 335392.60226064327 1.133492681287072e11 -1502.2889303013988 2.2595017455761116e6 250.5492888888889 534.5831164185599 1766.806953769724 0.6641150790467477
0.8130081300813008 571.4138264801754 327207.0304276855 1.0795683095717618e11 -1482.9390240641467 2.201825635381309e6 244.97033333333334 563.6336056662277 1796.2101189670416 0.6638883081705238
0.8064516129032259 563.6536933787586 318461.08598966565 1.023632481584515e11 -1465.1402002860705 2.1494533173122993e6 240.08415555555555 609.354782379054 1832.4081802760804 0.6635581130439949
0.8 556.8213684469064 310842.95500996837 9.759057186113722e10 -1447.2656404410568 2.0975660179078137e6 233.97035555555556 634.3349207063206 1912.4377001929288 0.6633298981557766
0.7936507936507936 548.9914583991044 302212.87684918224 9.230247561865663e10 -1426.9853426353352 2.0392363108605465e6 226.95451111111112 651.7900428623848 1857.6107107970895 0.6631270307948847
0.7874015748031495 542.5804094563631 295326.28115552873 8.828924196671104e10 -1412.1645404512556 1.997331878729552e6 218.12342222222222 734.4727792866953 1936.3813141833323 0.6625710503616903
0.78125 533.3397838192144 285356.72024262574 8.243961919457628e10 -1390.8158290182753 1.9374671064506995e6 212.61102222222223 707.3400299213972 1891.1353777509987 0.6625274036685255
0.7751937984496123 524.7626406064891 276382.0689778432 7.747772156069127e10 -1371.5730356345425 1.884535695180348e6 206.69304444444444 780.0310089519561 1996.9371435574185 0.661907249391857
0.7692307692307692 515.3839694431163 266691.1267196453 7.22350720740114e10 -1350.4697080150743 1.82708659056037e6 202.9224888888889 823.4544313094542 1963.407274585812 0.6614602077607818
0.7633587786259541 507.50012137087054 258672.67756019664 6.802624089627435e10 -1332.2582701593824 1.778233366043659e6 194.94482222222223 852.1407395025194 1935.3578670176557 0.6611136307979648
0.7575757575757576 498.0483603564037 249360.13462520365 6.343488263994553e10 -1312.2947182190605 1.7257585260606606e6 186.82942222222223 990.8828571980958 2089.703050400081 0.6599421235013205
0.7518796992481203 488.4988861137001 239919.09049516753 5.875414309117227e10 -1292.089306464701 1.6729772344021397e6 178.6588888888889 968.3674893547217 1968.7141849216544 0.6597582299116176
0.746268656716418 477.5592829150417 229545.7184906507 5.399853699793114e10 -1270.9293741977335 1.618983191640114e6 172.3062 1106.6043226282484 2072.687369943915 0.6583964735060587
0.7407407407407407 467.0145999523406 219743.5484071909 4.966045035657915e10 -1249.670523165626 1.5655773380256917e6 164.63984444444444 1215.4902507749566 2140.4233506953515 0.6571871184616299
0.7352941176470589 456.5065327749117 210096.28419211085 4.5498755137613304e10 -1228.603049968512 1.5134843726972858e6 155.66944444444445 1248.5806808377247 2172.858080317685 0.6564092078173327
0.7299270072992701 445.38370176960376 200214.69096505412 4.149798183400938e10 -1208.196050569739 1.463860870517433e6 150.4756888888889 1348.940994933415 2196.799992070668 0.6549247277807312
0.7246376811594204 434.2171185478686 190476.939975618 3.767975582638325e10 -1186.1855450167693 1.4110415136073732e6 139.8391777777778 1400.314446090024 2103.2169715623045 0.6538199676986922
0.7194244604316548 421.26654007999275 179677.79296952582 3.3769979763887123e10 -1164.523275706847 1.3602565735825032e6 131.60564444444444 1591.579265149416 2143.8403392670843 0.6513250583612118
0.7142857142857143 410.06392814595324 170550.85682012085 3.0588373307935562e10 -1143.8585674056976 1.3128411243154323e6 126.28317777777778 1713.1654668795402 2259.5418816415727 0.6494682864163246
0.7092198581560284 395.21193725581344 158903.08357921697 2.6823963767224396e10 -1120.8476019611837 1.260716283939105e6 117.72853333333333 1922.417184201392 2221.6875997026864 0.64589093127551
0.7042253521126761 379.8764184805351 147434.76359694384 2.3384339331072773e10 -1098.0048962712642 1.2101040048043402e6 110.33044444444444 2203.2889291163474 2226.3700499258825 0.6414051449455931
0.6993006993006994 367.3394635883437 138222.88733952248 2.072518060357995e10 -1077.6651437948058 1.165860684788865e6 102.33271111111111 2296.927153951345 2199.874144743338 0.6384093869196956
0.6944444444444444 351.35192565360967 127107.998181773 1.7810580359997e10 -1054.0897926349326 1.1157484828954237e6 93.05788888888888 2541.543417550929 2239.1936527144285 0.6325391643535876
0.6896551724137931 335.961395116495 116879.03389086796 1.5292328354994213e10 -1033.1121974620896 1.071907390013093e6 85.45526666666666 2764.8102636181284 2181.4874997123297 0.6268537051799441
0.684931506849315 321.0587502647336 107397.07154305701 1.314617559208712e10 -1012.5765071867978 1.0298602054192991e6 78.21651111111112 2957.7742613044093 2134.088249523305 0.6200790038014568
0.6802721088435374 304.546634423723 97199.39983559436 1.0936875148902582e10 -990.5448666914543 985644.5322141686 70.62235555555556 3027.7192495085596 2066.453461695398 0.614126607764276
0.6756756756756757 289.1248111013716 88372.7886703447 9.259549285544006e9 -970.7061076580123 946510.6169526817 64.67402222222222 3229.481267527621 1935.842543879217 0.6047867708313782
0.6711409395973155 274.7508060446479 80195.17926370224 7.762750013707958e9 -952.933428481311 912239.6172654404 57.15311111111111 3159.177074844638 1872.6625594768323 0.5976557298009604
0.6666666666666666 260.6037682616251 72813.20191481878 6.553160457643552e9 -934.8515929001293 878084.273871337 50.8434 3265.9185884400017 1838.5658326346115 0.5879885469212088
0.6622516556291391 246.57856722222687 65622.9344522181 5.422970829037895e9 -918.6466696461468 847661.037351003 46.50955555555556 3193.3408204316925 1644.3724832446687 0.5802364539205566
0.6578947368421053 232.18030080911586 58828.54921678877 4.500476132875075e9 -901.6944376767043 816724.1824860132 41.9994 3237.406008537662 1589.0423947823765 0.566528117797019
0.6535947712418301 220.0825344278499 53384.951829512094 3.7932511157963476e9 -885.739188077293 788078.2809565587 37.64053333333333 3234.398607402845 1514.1063952909162 0.5563375949393727
0.6493506493506493 210.2224837345081 48798.96000962247 3.20556628875856e9 -872.5499757356068 764609.5250478912 34.14264444444444 2990.563209166846 1377.1567261271591 0.5512934859361811
0.6451612903225806 197.75236952027086 43563.59167586602 2.6171028103026853e9 -857.1346832258131 737821.4469007826 30.7888 2875.865822570495 1307.6302652102852 0.5403236378918933
0.641025641025641 188.80564904767104 39942.67548013445 2.2513071511595874e9 -844.2786748353284 715865.6125494911 28.061711111111112 2753.2707486039258 1257.039681045766 0.529630457483562
0.6369426751592356 180.53208960794325 36798.224915511055 1.9442169767048182e9 -833.9948465333933 698487.7017150463 25.58842222222222 2679.229004650067 1192.8669198701832 0.521403258717339
0.6329113924050632 170.90520145427817 33078.0529564909 1.5851949462370243e9 -820.7680271405799 676386.9398767913 23.34882222222222 2449.0285268123384 1092.2870936355112 0.5170729321800764
0.6289308176100629 163.28762837112885 30353.13007862821 1.3561720575278747e9 -808.8568433649679 657004.8005528259 21.123466666666666 2320.931131798949 1089.9123826137127 0.5093333154860952
0.625 156.80411656465597 28124.429901458137 1.1829867015649347e9 -799.6376766792819 642072.394699769 19.5436 2210.5618311474495 1035.929974503597 0.5014701672476825
0.6211180124223602 152.2526810513507 26603.961998408668 1.075455882799576e9 -791.0975169614208 628395.618064581 18.45297777777778 2126.1385783132587 987.7461216988412 0.4935008659596428
0.6172839506172839 143.93851211296322 23870.05001573275 8.794826640427855e8 -779.3074830537903 609807.3083646955 16.9896 1945.5276212586984 947.704321392279 0.48548342434474834
0.6134969325153374 139.86856336529422 22660.156886486195 8.023202146814818e8 -772.1793251594972 598650.7970186227 15.864644444444444 1899.9643365735405 899.5019815748398 0.4791644075067176
0.6097560975609756 134.36309114462196 20824.392839834483 6.683394467751476e8 -762.176155827333 583205.3589034801 14.592644444444444 1689.6052304246928 852.4934532083289 0.48627447535411505
0.6060606060606061 130.73648101509903 19742.615914174192 6.061030947298882e8 -755.1902615458929 572574.0322923134 13.885466666666666 1606.417239977481 830.744227202681 0.48165865216722237
0.6024096385542168 126.65164525958365 18673.92811096678 5.533446961814536e8 -746.7681029417932 559892.4953667008 12.934933333333333 1586.3185927755198 809.223325379622 0.47106399377766917
0.5988023952095809 121.478399208215 17203.359207116093 4.7519338084748447e8 -738.2378733733019 547192.0998312815 12.38631111111111 1464.8848700153558 787.7450423271206 0.4647919798184843
0.5952380952380952 118.97954354643484 16505.076235649685 4.369293549443215e8 -729.9576133257765 534906.4474845605 11.746177777777778 1398.1812221022026 732.8267546402782 0.46536806150963317
0.591715976331361 114.83629850926974 15415.732963344646 3.8363008077803546e8 -723.311688399722 525293.0197311332 11.04508888888889 1318.5547384819752 739.8974669922967 0.4618999392137749
0.588235294117647 112.15674080158985 14672.786590064921 3.454014536438541e8 -716.633071090965 515497.63308697566 10.523355555555556 1231.5600487234778 669.4375452275143 0.4652168630875829
0.5847953216374269 110.84089612121295 14270.85629445996 3.214187438804098e8 -709.2476177864203 504966.5968292076 10.184533333333333 1160.9076266119534 661.5414977242544 0.4739223166660762
0.5813953488372092 107.45312668738575 13484.220209141904 2.923635654853398e8 -702.2422933616347 495101.11135704117 9.700844444444444 1126.7707989805424 661.463213640153 0.46401785517722693
0.5780346820809249 105.17514451213917 12920.497046799002 2.7155266667184347e8 -696.0817319943968 486357.1049727234 9.419355555555555 1074.384984768581 610.5540968305327 0.4577814453754334
0.5747126436781609 102.17606260049284 12206.576533005122 2.4043408168701962e8 -689.5751332877986 477381.5175151251 8.936244444444444 1015.3038876237295 616.8757650415654 0.4621179917923588
0.5714285714285714 99.76985375004215 11660.489448290657 2.2013437371176064e8 -685.1916263836051 471314.4729693133 8.455777777777778 975.1232748490614 596.5414214215184 0.46032407186020585
0.5681818181818182 98.28181506111798 11233.056792108806 2.0010803414876893e8 -677.6600317127152 461008.7632113722 8.328333333333333 894.1713752278455 576.460689079953 0.47137540967072544
0.5649717514124294 96.15475516931451 10767.427727508775 1.8604651724415472e8 -671.3976196249856 452589.6804567426 7.870133333333333 859.7123083830282 579.3088890949997 0.4650953675978252
0.5617977528089888 94.33938943790703 10397.655867164287 1.763743070308959e8 -666.138299121717 445542.24313485005 7.601466666666667 841.4244200265182 568.7443435412249 0.4561950119058924
0.5586592178770949 91.45872189214289 9833.060819731023 1.588846803909042e8 -660.440397657281 437927.7548354362 7.424 820.3145304953556 545.0004611993179 0.45224882328754745
0.5555555555555556 90.53445814580603 9616.613172479792 1.5082602329588905e8 -655.8068135000213 431788.1756487567 7.2527333333333335 788.9583670694942 526.4194492916297 0.4563608410353761
