0.8333333333333334 309.3874081285363 95980.38126294615 9.30989302401819e9 -789.4599487658452 624572.6587816331 140.03653333333332 216.5107953772046 920.5889418487561 0.663132980157622
0.8264462809917356 306.2111831460998 94031.05929992867 8.93942268422139e9 -780.3817065840541 610307.6256336448 137.9236 219.64513735073834 896.1257172352344 0.6629878483095966
0.819672131147541 302.7884866577368 91952.76649121422 8.553298071318458e9 -771.3437597138604 596288.3740642448 134.6752888888889 222.86790059979617 884.9626543477359 0.6628037374830579
0.8130081300813008 299.20589683457786 89821.14563583246 8.171703598733725e9 -762.1460690615826 582211.8938453686 132.28164444444445 241.44466280358904 889.195095079658 0.6623753314174717
0.8064516129032259 295.6170994870593 87700.13331200994 7.797809620418836e9 -753.228101644606 568759.7592532606 130.19222222222223 250.53532489357403 915.1834977391287 0.6620512331174944
0.8 292.3158952395635 85766.455703783 7.4623656734113e9 -744.2234522395415 555281.0769188217 125.55013333333333 254.29847526043886 904.019235507548 0.6618414711249277
0.7936507936507936 289.1966917231859 83966.85198667804 7.159109632780163e9 -735.5232558898042 542448.9849320578 122.84766666666667 263.59165320842754 916.178494154326 0.661528570322933
0.7874015748031495 284.73973249851343 81451.51728030598 6.752372024482607e9 -724.8970146789233 527039.2368842843 118.53244444444445 295.1196984102281 969.4060350110179 0.6607368034980639
0.78125 280.81478641588103 79248.826995628 6.400753963354443e9 -715.5993680501206 513630.4366074481 116.5824 306.15837955556344 944.8126548560509 0.660277592082015
0.7751937984496123 277.7338308045864 77552.12770616265 6.138839083360508e9 -707.366991683094 501992.5683207545 113.2348 322.51700214886415 976.2077987885781 0.659766118608383
0.7692307692307692 273.0990786739032 75028.09561505857 5.757828447762087e9 -696.1957424227909 486356.0241107502 108.98026666666667 342.29910963369406 986.6936941592905 0.6590508437894995
0.7633587786259541 269.5627927879767 73099.28739946075 5.4660438096581545e9 -687.6830297717592 474569.50151956466 106.38706666666667 332.2046899290614 968.2140222005994 0.6590226220066153
0.7575757575757576 264.5764474125502 70505.42794745913 5.106466335846375e9 -676.8958237571042 459999.3835293879 103.1174 382.3722894039361 1039.6162245060113 0.657583950446825
0.7518796992481203 259.84305421409476 68044.97767222793 4.767655091302543e9 -666.2136982713781 445685.9287203597 100.3792888888889 395.9134202398105 1043.1550432092629 0.6567651137193874
0.746268656716418 255.67746478952705 65949.16798052473 4.493737577994371e9 -657.4460042205726 434079.2234817253 96.40444444444445 431.49401442155505 1026.9408644064133 0.6555962981622945
0.7407407407407407 250.21515039041853 63219.877408480934 4.1418799871213775e9 -645.2339869254854 418192.3226982294 92.23193333333333 453.5229063564232 1023.5527102726564 0.6545629171792098
0.7352941176470589 245.2294708741243 60804.310893521404 3.848302053830499e9 -635.3106538802674 405546.3711786111 88.0612 490.3069914106067 1041.7086098822406 0.6530402022136661
0.7299270072992701 240.9539947564928 58754.37387565564 3.6041463190667e9 -625.6998986507343 393451.96196748683 85.47886666666666 507.69801937495305 1039.7990281568643 0.6519827634401025
0.7246376811594204 234.87163337178953 55922.25059249388 3.282878773206181e9 -614.1160434341375 379159.80214198603 82.18813333333334 548.9611809866419 1061.377514590729 0.6500835911876715
0.7194244604316548 229.51331787035693 53504.67954555667 3.0259038866158113e9 -604.1722323238372 367115.06686652196 78.51646666666667 595.9111264008375 1082.2320559770608 0.6476694190839098
0.7142857142857143 224.04734521308706 51052.32697600431 2.765469985245186e9 -593.9022684409264 354746.44219606457 74.91857777777778 610.7957706943645 1033.947824891027 0.6463150253988548
0.7092198581560284 219.5557454746076 49130.82943927576 2.5783289828484125e9 -584.6030861904268 343845.4160481661 70.26948888888889 656.8113960036073 1048.562780943878 0.6439517269310706
0.7042253521126761 213.1487010674807 46462.26988515047 2.3283944929835243e9 -573.1245586092483 330663.07475278294 67.19422222222222 725.2824777438229 1086.7462168901109 0.6404705566157429
0.6993006993006994 206.57816281999683 43788.924258902436 2.09147630462409e9 -562.6709677242753 318774.6648121086 63.462266666666665 779.29154183029 1064.1336458194066 0.6364173577581433
0.6944444444444444 200.86071835275345 41493.03613810599 1.8908574087720044e9 -551.9858978314701 306870.00532810943 59.4866 797.2277506401699 1052.0707577620108 0.6339106488535411
0.6896551724137931 194.25724429268715 38980.922452250365 1.690809767994588e9 -541.4343251315745 295297.49270298507 55.86188888888889 858.6520634907808 1020.8629119151254 0.6290893793029272
0.684931506849315 188.2947543307381 36780.6296961174 1.5243452252145417e9 -532.6312946017146 285933.5256883711 52.598644444444446 908.0241011262941 1049.6480105426317 0.6244015775087686
0.6802721088435374 181.48102918765474 34316.92618501859 1.3429613668977025e9 -522.0311571350826 274670.6580980387 49.403933333333335 939.8382517062557 996.8666195776632 0.6198758135865797
0.6756756756756757 175.15001220580783 32181.435337248284 1.202118683350844e9 -512.8282176394274 265168.6438676098 45.510933333333334 1016.1544334821981 993.3633402017382 0.6130852630356519
0.6711409395973155 168.84478203505952 30089.25566093011 1.0675706900868332e9 -502.92047540638714 255121.4786816344 42.04651111111111 1060.8692889015786 987.5564608116634 0.6069457484665559
0.6666666666666666 162.18275636385962 27909.738319928812 9.328461983442285e8 -492.4012105912478 244550.83677008882 39.203066666666665 1070.9945720998414 929.7264792722158 0.6008121979796823
0.6622516556291391 156.7350343138273 26179.91792877485 8.325697313744097e8 -484.38700665699076 236619.39550178548 37.14571111111111 1068.9052631908796 872.1649417419676 0.5950859919001142
0.6578947368421053 150.08762029531295 24129.830450461202 7.180790680895288e8 -474.0284768344658 226604.8468340123 33.81091111111111 1054.9583450994521 823.1691412779799 0.5889047375441925
0.6535947712418301 144.4362827121517 22511.920931199635 6.381904427048904e8 -467.6675354170139 220563.77193304323 31.020622222222222 1078.4844231993618 790.6566918788952 0.5802372156658859
0.6493506493506493 139.4877280508439 21075.41111365723 5.63308411034792e8 -459.332904968122 212800.24357062823 28.940377777777776 1051.0291148513243 764.684594440208 0.5772604594246862
0.6451612903225806 133.6993152513171 19555.721214728208 5.0053339669613093e8 -452.2268984092945 206349.6911026315 26.721466666666668 1084.0092361658917 766.0867670098364 0.5637211793938057
0.641025641025641 128.15348109716027 18037.819970387925 4.3082125559788066e8 -444.81559533058225 199560.82461909513 24.92537777777778 1034.9392647869954 698.5169172398234 0.5586249586338496
0.6369426751592356 123.81434547363543 16941.264785922744 3.8696083375345945e8 -437.58372500785936 193189.7332444884 23.4458 1026.2883062789797 693.8280874414805 0.5505782415694023
0.6329113924050632 120.52143766003097 16094.06626976548 3.5099921102834004e8 -432.58105794652096 188727.56873124244 21.830333333333332 992.8160342561706 641.4024343499133 0.548296646311404
0.6289308176100629 115.46857150324159 14849.43460513666 3.039350841942237e8 -425.2494488109052 182347.24582784492 20.520755555555557 953.7381132939895 597.3466689870679 0.5405484256714452
0.625 111.63239241109842 13982.160683993274 2.749181223191291e8 -419.30131758046883 177330.69017859944 19.067955555555557 950.2310303548802 592.6153335477579 0.5312583582596614
0.6211180124223602 108.17599923181034 13123.722925386832 2.4100853086108652e8 -414.518061441848 173210.99545988592 17.75731111111111 883.0286432212424 534.613710265134 0.5335586376907553
0.6172839506172839 103.73605800368497 12167.678895907657 2.134116366161158e8 -408.295265977002 168114.1518541527 16.76522222222222 868.2155344220765 536.9332551904914 0.5195133105713632
0.6134969325153374 99.63803268750699 11274.901278297659 1.8549042005140233e8 -402.8004882213173 163577.00415959634 15.410377777777779 826.4808100987404 500.12076038418576 0.5136210911319921
0.6097560975609756 97.48207520385905 10817.987161288875 1.725796492244763e8 -398.3789391294844 160008.6607289612 14.538622222222223 801.9708385597824 484.4146293232253 0.5084412809431702
0.6060606060606061 94.03058811612047 10120.732556872503 1.5283026408551264e8 -393.0467656816708 155738.792707534 13.871488888888889 775.1400335812166 460.2507602247043 0.5026476074132692
0.6024096385542168 91.28314081899573 9522.381369185445 1.3581999792415956e8 -388.6442802089419 152259.59211678177 13.0808 716.7286574727954 440.9985403016544 0.5007117760911424
0.5988023952095809 88.77197980835058 9024.469121399427 1.2330189929404365e8 -384.05006947952666 148686.72415962233 12.48928888888889 685.0327678474392 427.5048558188067 0.49533267720027074
0.5952380952380952 87.13557377179067 8719.96551545234 1.1593189068144417e8 -380.008442989018 145622.58597053174 11.766577777777778 671.0460112578365 430.89896102394624 0.49177955863100153
0.591715976331361 84.54932494158666 8230.248824537952 1.0342129290026654e8 -376.7457043460887 143077.34877609366 11.296288888888888 640.0357848875404 399.1537526218228 0.4910644628270502
0.588235294117647 82.09220181420147 7775.571311992019 9.344546081495677e7 -371.6049544710808 139205.32172286345 10.707466666666667 609.6715960520207 385.8406696918341 0.4848041716494993
0.5847953216374269 80.69541102054575 7520.184777252502 8.73721984692087e7 -368.036277463157 136525.94190735032 10.178422222222222 589.7283143144359 367.7166917726641 0.4850145185802255
0.5813953488372092 77.9562167938056 7042.2108351510615 7.742882753591317e7 -363.8020878504673 133397.25877050546 9.906577777777779 561.0692432257231 353.3327630294627 0.47956873144798906
0.5780346820809249 76.95197041955583 6821.580751881215 7.151377937510507e7 -360.77608814370194 131197.36372283363 9.345333333333333 520.2167632537682 346.81344066338374 0.48773058573498596
0.5747126436781609 74.84504123639196 6501.337760225987 6.610061199460781e7 -356.81877682773967 128355.93656269656 9.060822222222223 516.9871049130883 342.2833484780909 0.478710752228386
0.5714285714285714 73.22881869066875 6234.968730619721 6.137493801558077e7 -353.36916223515857 125876.67293613558 8.737622222222223 498.5764821650773 328.78632403519094 0.4737389204591681
0.5681818181818182 70.96837415197889 5872.195021711524 5.510975319295905e7 -349.40658767770987 123067.38010543163 8.326777777777778 474.8209613274195 317.1541170100985 0.4672710842473755
0.5649717514124294 70.54133683260658 5797.232512253416 5.377381781313959e7 -347.21219913037885 121537.61182185984 8.054577777777778 463.92785882607814 313.2243598282705 0.46665506095126896
0.5617977528089888 68.72987274038046 5488.6186920453965 4.7980340633096896e7 -344.45832756735484 119603.8697757173 7.711111111111111 429.67600288567627 300.5713752108862 0.46909605614647065
0.5586592178770949 67.7956527862606 5358.036179741114 4.60356005361368e7 -341.40898695994224 117497.96053324878 7.533955555555556 425.57857152285413 292.7075173168055 0.4654833048618394
0.5555555555555556 65.91495944554576 5063.558527294784 4.087681588230452e7 -337.58842094717824 114878.44956617133 7.306066666666666 399.32036032602304 281.6381507907796 0.46857236345268305
