0.8333333333333334 1009.3584377266371 1.0199603427946364e6 1.0449907938830176e12 -2651.8665487009393 7.036703688575683e6 440.23644444444443 963.2391538990003 2991.3169837860755 0.6651697884474929
0.8264462809917356 997.2328306488197 995683.4977109997 9.961498409584558e11 -2621.4809493438547 6.8764045123077305e6 434.5024666666667 1000.1480885472511 2897.441796989616 0.6650647964452502
0.819672131147541 985.2806488064919 972116.8232168192 9.501568339555952e11 -2591.1421047910617 6.718643125471832e6 419.35513333333336 1097.4313969489142 3107.846177625977 0.6648516206576746
0.8130081300813008 972.0227470735384 946237.5906397207 9.006411857807834e11 -2558.348095341457 6.549993346020522e6 407.31966666666665 1145.8291149046083 3204.6857579887082 0.6647026242795486
0.8064516129032259 959.7187283760279 922523.0392935242 8.563877474961385e11 -2527.2993437768896 6.391951431077837e6 397.5685555555556 1179.8400788905003 3062.8629180155244 0.6645755254253773
0.8 945.8555174148499 896176.6905833 8.08555272617158e11 -2494.6997853768567 6.22847683934458e6 389.4248666666667 1227.2246073491872 3167.88491855681 0.6644160580448013
0.7936507936507936 931.2558303607395 868904.419311487 7.607089974395356e11 -2460.566701898001 6.059599262325402e6 378.6741333333333 1323.0140719178412 3282.1666894654927 0.6641438648053776
0.7874015748031495 919.0656641800523 846495.4449269288 7.226115106771274e11 -2431.8194618018074 5.919072351908103e6 366.12744444444445 1428.1494899277068 3302.410013063812 0.6638490293613426
0.78125 903.3787726671566 818024.9324475088 6.75375960038506e11 -2395.2157349042322 5.742557227013768e6 354.9046222222222 1509.1605796020303 3356.207446866506 0.6635726754582265
0.7751937984496123 888.3959335293341 791296.2032476492 6.325304526998455e11 -2363.7676251093967 5.593096631345499e6 343.5610222222222 1588.270183094748 3424.8217235634793 0.6632698370072811
0.7692307692307692 873.0614403191363 764389.0570886 5.907558702486533e11 -2329.2931039553055 5.4312538726228075e6 330.4924888888889 1655.9834742117134 3341.7209994472205 0.6629782969220582
0.7633587786259541 856.6913022532003 736151.7426973673 5.483537650777822e11 -2294.3053981185135 5.269623720419565e6 319.3498222222222 1703.6300313611023 3371.866781547939 0.6627088967223973
0.7575757575757576 839.6145869073674 707424.5279887421 5.072682138709798e11 -2258.857247964523 5.108449320210775e6 305.07033333333334 1872.6313947824317 3451.132649745338 0.6621249153159687
0.7518796992481203 820.5521029993504 676002.2306978587 4.640759090716078e11 -2222.9751111165037 4.948163145515515e6 293.0259555555556 2027.4262866182112 3699.92700100787 0.6614899934015439
0.746268656716418 802.889125327318 647634.5372023951 4.269687346763399e11 -2185.4944400644904 4.782945605378596e6 281.78426666666667 2241.484801141361 3653.184353862739 0.6606758123925847
0.7407407407407407 784.747393434904 618999.0926934003 3.9073037826037823e11 -2151.5682120147103 4.6359090059567215e6 265.38346666666666 2348.608289277267 3656.096024441293 0.6600806417334757
0.7352941176470589 763.0300060059883 585829.8966728892 3.513636616608019e11 -2112.065675338528 4.46787135966172e6 252.5905111111111 2658.1666230813858 3811.603978443022 0.6587343889665989
0.7299270072992701 742.1108791386393 554772.1819746182 3.1630414509551434e11 -2074.191285751531 4.309624498684113e6 239.29253333333332 2951.5511231343125 3918.700408399092 0.6574260963938378
0.7246376811594204 719.8088484446557 522621.1946141496 2.820368420632038e11 -2035.820364251007 4.151999252186884e6 220.69906666666665 3258.2726919769643 3903.9575130126304 0.6558002489172374
0.7194244604316548 696.1624419685993 489532.8932655737 2.487412643937149e11 -1996.9552659808592 3.9957468183979113e6 212.91528888888888 3518.5234948851194 4097.346964042877 0.6540105746867406
0.7142857142857143 670.4191671354617 455060.9114047678 2.1654280976915695e11 -1956.4330832443409 3.8355633760807524e6 197.2620222222222 3999.322672972547 4047.4320754052465 0.6514352635197658
0.7092198581560284 642.2396133396522 418719.90017833 1.8500860857347073e11 -1917.0152721838765 3.6829871116647385e6 181.1161111111111 4431.3327912510795 4043.8397859849174 0.6482586074431129
0.7042253521126761 617.3280899950787 388108.7386553178 1.6051257910002927e11 -1879.546892035645 3.5408860941127585e6 165.82373333333334 4939.977435454805 4061.483213601517 0.6447934419242055
0.6993006993006994 586.478702381553 352103.1205383337 1.3421461194760036e11 -1837.1922130124215 3.3832981404090575e6 151.54082222222223 5696.400133694744 3923.37662261189 0.6391399564218601
0.6944444444444444 557.7523578008988 319641.8801931524 1.1202842468666609e11 -1800.2666035568848 3.248884899274551e6 135.91404444444444 5940.408028257298 3821.8824229885668 0.6345065308320449
0.6896551724137931 522.5265903070685 282957.74318852165 8.99191854362431e10 -1758.020681640956 3.0987507229831796e6 120.73451111111112 6843.934903855573 3859.218028941005 0.6256412888921844
0.684931506849315 492.7469159409077 253805.49402872685 7.400266944687157e10 -1722.9699764227212 2.9764796280157575e6 107.38715555555555 7538.3362051033555 3684.59765511593 0.6170658542422451
0.6802721088435374 457.54277472642036 221163.68725256762 5.79052651549681e10 -1684.2805466096274 2.8446096781502306e6 94.15557777777778 8039.657515793034 3613.6417523277473 0.6053890283302322
0.6756756756756757 429.9749173535014 196793.30034345176 4.6820505720924416e10 -1650.6835272800186 2.73227070743725e6 81.57544444444444 8050.58837182528 3430.6976824533785 0.5970100391676363
0.6711409395973155 399.42820463847346 171706.74491364713 3.6790013383601585e10 -1618.2775334232158 2.625733962074266e6 68.92522222222222 8163.660572438178 3113.2772811759173 0.5840568460895857
0.6666666666666666 370.88690420940003 149459.65284147047 2.868814695782705e10 -1585.133442762506 2.5193415637537707e6 61.54342222222222 7935.038084958524 2974.903284291426 0.5719117536992128
0.6622516556291391 346.0308827845045 131506.42195583778 2.2781877237036247e10 -1558.5727454434127 2.4354262005523844e6 54.11671111111111 7794.072923982969 2753.036144628383 0.5608889870520442
0.6578947368421053 321.0439747785568 114424.2642796874 1.7795005943323837e10 -1531.3269399498342 2.3508401713768994e6 46.32255555555555 7470.414827679471 2544.137102136485 0.5469557473678157
0.6535947712418301 299.25165635495506 100452.71373172716 1.4173752995908047e10 -1505.997985601652 2.273694276869982e6 40.0866 7124.941111466044 2419.729263850672 0.5317904605017331
0.6493506493506493 279.1220486005731 88290.72954063246 1.1312459314957458e10 -1482.350472998435 2.2028722580826376e6 36.06928888888889 6741.30618548815 2323.0448996263426 0.5162671681100812
0.6451612903225806 265.7834419461661 80158.33700803234 9.386950795599691e9 -1462.2259302869995 2.1430406312927087e6 32.10868888888889 6140.321932439551 2054.5099225920567 0.5130258710087654
0.641025641025641 252.63880725200147 72613.45657310363 7.76728878975503e9 -1442.223711434164 2.0847563217035716e6 28.88993333333333 5632.749771403639 1950.6442639040094 0.5089632727697071
0.6369426751592356 236.14034084996447 63886.26138265382 6.148783137242475e9 -1421.1962253541394 2.0245030610758103e6 25.74811111111111 5174.522806316194 1908.5358898764646 0.497827445439874
0.6329113924050632 222.0775463508777 56835.667447825566 4.9676428458765135e9 -1401.492362103263 1.9687151321411503e6 22.83111111111111 4757.741047214769 1816.3319609703278 0.4873898744425911
0.6289308176100629 213.2958654499843 52786.24450003103 4.37458521298435e9 -1386.3162775398002 1.9261483517119423e6 21.55188888888889 4585.608982373099 1691.2030141742543 0.47667185046692695
0.625 203.63552622070975 47942.80078498661 3.583850481020672e9 -1369.4499422609574 1.879544769873931e6 19.564444444444444 4047.1082786257784 1621.7287169498377 0.48026516696486066
0.6211180124223602 194.29411207560113 43873.48403988487 3.037670219164468e9 -1352.2737272589163 1.8326517040555703e6 17.75571111111111 3803.2807780364055 1546.0324142001614 0.47396441799844813
0.6172839506172839 187.6626222260246 40893.89804290219 2.64420434404201e9 -1337.478593858709 1.7928645377769459e6 16.62351111111111 3504.097692688002 1530.0825890399392 0.4729440264249579
0.6134969325153374 179.22671768714397 37285.444511787326 2.2057337435492554e9 -1322.2989339767464 1.7523156173482263e6 15.19971111111111 3167.624649619705 1445.7249246062051 0.4711248246962435
0.6097560975609756 172.65691414925988 34900.30671027773 1.9924231643180099e9 -1307.4377077181323 1.712982749285704e6 14.267244444444444 3103.5955528858744 1334.5440669466525 0.45474225857104944
0.6060606060606061 169.3633634991194 33501.23300232844 1.8128885105631907e9 -1295.4174036336804 1.6817245408509548e6 13.45208888888889 2919.566125208234 1329.032585465352 0.4615712282059298
0.6024096385542168 163.2411222952286 31067.06032293134 1.5450025428300571e9 -1282.1434873635517 1.6475331425435639e6 12.798133333333332 2662.2869365816623 1321.389299896148 0.4664100730330978
0.5988023952095809 158.10491612476207 29391.600231497763 1.4179517466840692e9 -1268.1581528882843 1.611744957624952e6 12.348888888888888 2631.398639927972 1262.095051069172 0.4528659625381434
0.5952380952380952 151.30790236762007 26767.275567453664 1.1546723619241247e9 -1256.2540310707918 1.58146127158319e6 11.572822222222221 2305.4727670026273 1164.64037754253 0.4628084457640116
0.591715976331361 147.64734150520414 25587.69269861033 1.0664673088048861e9 -1243.197915680023 1.5490009627095186e6 10.939288888888889 2241.393636127783 1211.4089697016607 0.45704474614262847
0.588235294117647 144.76410170721104 24566.576303611953 9.85300776838218e8 -1231.8663578326807 1.5208850922667289e6 10.416444444444444 2123.488917950712 1173.1379608216832 0.45580029863602
0.5847953216374269 140.68893061150004 23349.082988317492 9.008631699465978e8 -1220.4337787151412 1.4927807068632422e6 10.1314 2079.3612817017647 1136.1097891057202 0.44919494192997256
0.5813953488372092 138.27767625912978 22352.410916866367 8.098171579433656e8 -1207.9708218272854 1.4624007661829111e6 9.507866666666667 1878.8925379312002 1084.1197258057869 0.45972238512159536
0.5780346820809249 134.6077222360179 21248.88831338121 7.415441734292957e8 -1198.469042806575 1.4394990807783299e6 9.296555555555555 1809.0459120302078 1059.5189323470975 0.4525514062931044
0.5747126436781609 133.36876697014506 20790.983320823125 7.045254352885776e8 -1187.5746412264052 1.41341367442722e6 8.816377777777777 1726.296159589809 1017.3556424874026 0.45671794250559916
0.5714285714285714 131.03699955159595 20036.67794939457 6.476399426366223e8 -1176.5744498609383 1.3873831310826614e6 8.390622222222222 1637.7043988054916 997.7779647646357 0.46227412451659977
0.5681818181818182 127.6342116178751 19164.15502823772 6.074392705241992e8 -1167.3596094016727 1.365843305104823e6 8.228911111111112 1632.7630982506819 1005.5680018069312 0.44868188859672575
0.5649717514124294 123.53611016960487 17905.529455626216 5.267123910585131e8 -1157.043775760192 1.3418253960125481e6 7.925711111111111 1493.9881015759688 981.5496783002599 0.4523817085458868
0.5617977528089888 121.38701573353775 17222.488027704727 4.80152314553346e8 -1147.3435995545713 1.3193480087376935e6 7.647266666666667 1397.573280343025 931.2818138029343 0.46040739523681184
0.5586592178770949 119.91342167508756 16980.150213252553 4.811988083388493e8 -1137.3549503110528 1.296523674264536e6 7.483177777777778 1453.0287795671475 919.8811733337594 0.4436856883068274
0.5555555555555556 118.65031433349317 16558.192672089113 4.5076549475969875e8 -1128.510585561906 1.2766517792132497e6 7.082911111111111 1377.9419892513215 961.6165086338125 0.45197099321917156
