0.8333333333333334 2351.5694010671004 5.533520949599302e6 3.070000403290856e13 -6276.686439141388 3.940757606096256e7 1011.0293111111112 3035.2513035177253 7488.476153582128 0.6657941398306108
0.8264462809917356 2322.6589911260453 5.398502605685691e6 2.9224511379593906e13 -6203.08437118855 3.848905977436925e7 990.7256222222222 3105.633576060376 7379.31718161426 0.6657438756340905
0.819672131147541 2292.559462461116 5.259864499609231e6 2.7750486063074543e13 -6130.828452738935 3.75982892282134e7 954.7636444444445 3307.87761412393 7546.1645391778475 0.6656508472869429
0.8130081300813008 2261.4286014567724 5.118211470273517e6 2.6280428552594066e13 -6055.262220130452 3.667773669483409e7 941.5102222222222 3375.732346978493 7625.1836175007775 0.6655934797586615
0.8064516129032259 2229.991053584218 4.977298017722625e6 2.4861034645886633e13 -5981.781716749622 3.579320598540293e7 910.0415333333333 3578.9666588500804 7474.947036205212 0.6654888072017822
0.8 2196.220653641863 4.828048327744831e6 2.339927727830723e13 -5901.9774862654285 3.484548059723212e7 885.8252666666667 3730.5346093915405 7771.10326280594 0.6653907274507463
0.7936507936507936 2162.527860205903 4.6817281481440235e6 2.201492381675083e13 -5824.251756189292 3.393477890992921e7 843.5465555555555 4128.096807382942 8106.821904230639 0.6652014657514886
0.7874015748031495 2127.721157120509 4.532497843036379e6 2.063878162413362e13 -5747.704669072841 3.3048995548716716e7 824.6783555555555 4173.63825050498 7989.69919708369 0.6651212507302844
0.78125 2091.1678950976734 4.378621348049912e6 1.9270087289516168e13 -5666.62945108133 3.2123595403597467e7 793.0833777777777 4404.8301270915545 7877.238607889012 0.6649669531407256
0.7751937984496123 2050.9759827337716 4.212549612679707e6 1.7846491425367523e13 -5581.364707134147 3.1165023442097798e7 776.8557111111111 4687.698394532294 8047.2616159841955 0.664771035588578
0.7692307692307692 2012.8050247540232 4.0581617207985916e6 1.657729386420991e13 -5502.278028846299 3.028937183742765e7 747.8889333333333 5213.579325805991 8466.467871558823 0.6644682039929775
0.7633587786259541 1970.0871273874343 3.8883312369519747e6 1.5227884828817955e13 -5415.624770581067 2.934317554317957e7 708.7872888888888 5410.646911680997 8265.18702192949 0.6642687091589797
0.7575757575757576 1929.9606643091056 3.7326635460794466e6 1.4049119985770525e13 -5334.615247569877 2.8473354553960204e7 681.6198666666667 5996.500226516968 8743.522931119089 0.663883234086491
0.7518796992481203 1882.4699366264167 3.5520866292163446e6 1.2735032506811275e13 -5245.906978377406 2.7535013223540425e7 654.9539555555556 6310.9525669768755 8747.355843554538 0.6635568385163875
0.746268656716418 1835.6095524789662 3.378639262931702e6 1.1536802369774996e13 -5159.371095444863 2.6634703942852255e7 622.0219555555556 6848.3834176654445 8684.474459971083 0.6631158728149475
0.7407407407407407 1788.2494742786826 3.2076512942801984e6 1.0412671981327885e13 -5073.430237996303 2.5756050674862646e7 583.8671555555555 7270.453349787879 8974.647488298891 0.662660937789191
0.7352941176470589 1733.8801332999085 3.0174560498154773e6 9.236128881450447e12 -4978.482402318353 2.48021334464831e7 551.4798666666667 8173.333208359477 9108.140294973427 0.6618675717220283
0.7299270072992701 1680.4639880576442 2.8362118329287935e6 8.179043552178905e12 -4890.534244899542 2.3934438430094432e7 512.1308888888889 8943.516620577579 9117.816377698507 0.661074740830936
0.7246376811594204 1619.9303672041826 2.6386828895779788e6 7.110281431573349e12 -4795.507991584197 2.3015446906207368e7 481.3692222222222 10513.402165000436 9740.605366239637 0.6595987593264858
0.7194244604316548 1556.8348651458703 2.4400962001296273e6 6.107657426134434e12 -4699.54891570091 2.2104961972696535e7 444.9009111111111 11770.793378321629 9938.38912630839 0.658068180027831
0.7142857142857143 1485.353857271986 2.2249641807652605e6 5.1085928667759e12 -4601.218253166732 2.119059960791478e7 406.7570666666667 13348.642466066272 9892.956449013507 0.6560193677603595
0.7092198581560284 1408.1001295556116 2.0057891880438155e6 4.1956246623118784e12 -4500.75434803548 2.0277106155478276e7 363.1734222222222 16342.704389564171 10219.0302892201 0.6523799618378963
0.7042253521126761 1330.7392113670544 1.7967366534361516e6 3.398858011656287e12 -4399.548223418792 1.9376119075113222e7 328.4936222222222 18218.172370663084 9965.53507526907 0.6490518863242233
0.6993006993006994 1243.2676837214972 1.5761709581829929e6 2.6580173580069194e12 -4301.2122826798695 1.852101295064006e7 284.05764444444446 21298.19915858472 10066.922570240504 0.6433601111615371
0.6944444444444444 1148.8957521503994 1.3574699623771207e6 2.0240104952783071e12 -4196.276888937988 1.7630141917032722e7 242.77002222222222 26047.578519367216 10321.271410901789 0.6338735973158778
0.6896551724137931 1050.868396472007 1.1465684299326132e6 1.4846658808226372e12 -4101.015693209345 1.6838829185388286e7 206.9288 29133.822916528243 9750.044917461422 0.6235498155678598
0.684931506849315 956.8529928950468 960993.4236686655 1.0752499521998947e12 -4010.984602520264 1.6106783457891671e7 170.39073333333334 31113.543600312987 8813.086994290128 0.6118966907852275
0.6802721088435374 861.2414637088247 789990.7390429423 7.586272480131306e11 -3920.0497892249255 1.5385002847363383e7 137.8458222222222 32825.76886505003 8428.199991207657 0.5948058352340021
0.6756756756756757 761.9819186113037 631102.3815296551 5.120585889964308e11 -3836.1145165054954 1.4732669762219766e7 111.85366666666667 34112.11975614298 7713.284548747041 0.5714527008517566
0.6711409395973155 682.4899175773343 513493.46023495874 3.540606048927126e11 -3763.8363823277296 1.4182535415570019e7 89.50304444444444 32014.075597477986 7238.909344682071 0.5524036683533905
0.6666666666666666 613.148847261271 421620.37960105203 2.486600767315681e11 -3694.04819385296 1.366094606090785e7 72.525 30445.913802151023 6646.223288681772 0.5337255497213178
0.6622516556291391 554.3124681939044 347313.70284341986 1.7397742253783966e11 -3632.4248943238213 1.3207874505322225e7 58.543955555555556 26524.09963457061 5861.0992582789295 0.5192405813192577
0.6578947368421053 505.218377103323 292024.4056671763 1.274141410735421e11 -3576.343159094166 1.2803173904150642e7 50.08648888888889 24196.57704227684 5602.282094444282 0.501967047727778
0.6535947712418301 468.88830090474664 251838.85781081644 9.564934975296532e10 -3525.5583485473685 1.2441373628080381e7 41.62531111111111 20903.67260488641 5045.905022997023 0.4972925918644746
0.6493506493506493 429.3173656152081 212289.19837195202 6.924872829216652e10 -3471.4440025184995 1.2062056291019995e7 35.72924444444445 18166.10256699335 4694.226850369255 0.4878056855206502
0.6451612903225806 399.13769480449156 185727.03675549082 5.479384455003676e10 -3425.5940256303243 1.174515556204052e7 31.471 17042.66925267573 4354.269971425619 0.47050695589499447
0.641025641025641 377.9614285172055 165885.46032959886 4.354304136126563e10 -3380.593206841628 1.1438928369720766e7 28.174577777777777 14763.217232584764 4321.967281805587 0.4725505294084077
0.6369426751592356 351.55705228712617 143914.67044779283 3.3190573680868793e10 -3334.501786462294 1.1129170956222741e7 24.9356 12944.14613692972 4166.007668672063 0.4658252330117387
0.6329113924050632 332.18183826215056 128996.1610924639 2.6916103979226727e10 -3297.611153140863 1.0883860765042305e7 22.758688888888887 11804.67558306477 3854.1290351280545 0.4608155350846078
0.6289308176100629 319.58430789245534 119311.87930415769 2.281870759189477e10 -3260.4739853326714 1.0640245029546604e7 20.737177777777777 10803.61600821257 3779.2889978603275 0.46567878793763495
0.625 301.7127517053584 106514.23612797479 1.843390868252908e10 -3220.8132587680952 1.0382690886423875e7 18.780933333333333 9677.282241472203 3536.2650654366007 0.4583972476108027
0.6211180124223602 290.4751292292852 99010.63394582951 1.6107841140617996e10 -3186.529536091239 1.0162841519528074e7 17.695733333333333 9089.958537304085 3422.3352286667587 0.452287817710612
0.6172839506172839 279.75075173762434 91380.93215036349 1.3498988791535921e10 -3151.7788432281145 9.942727197038578e6 16.134977777777777 8099.0426250602195 3435.9550442865416 0.4611488496791407
0.6134969325153374 270.5821031864617 85859.57684012418 1.2035806687057482e10 -3118.37370965926 9.733007401110515e6 15.473555555555556 7757.608757862065 3294.3686312847262 0.45577753944325716
0.6097560975609756 258.0907359348436 78602.33177360528 1.0314495294223322e10 -3085.586967496852 9.529540949522179e6 14.047577777777779 7311.892559887867 3232.4566983041377 0.4435119179041134
0.6060606060606061 252.67667483688155 75015.8987245253 9.173591475390451e9 -3053.9219895437586 9.334554616661502e6 13.318133333333334 6769.937404789168 2980.752412339243 0.45661016764628615
0.6024096385542168 241.24212799285678 68412.06729418409 7.691344115316815e9 -3024.5262664518023 9.155987578801086e6 12.658066666666667 6153.194563651926 2986.0801074928563 0.4522081593415528
0.5988023952095809 236.27218066323945 65642.32579530492 7.106417490123563e9 -2992.0163369993415 8.960077322125139e6 12.035355555555556 5878.911640684107 2838.237747563903 0.45025467772617533
0.5952380952380952 229.49444749549556 62199.72318936748 6.464737729498388e9 -2966.856988499233 8.81026869448785e6 11.452577777777778 5673.822475062328 2844.495564452879 0.44300313355448817
0.591715976331361 224.95238607646482 59963.65495122583 6.139632964720353e9 -2937.4076044900507 8.63624583505714e6 10.689822222222222 5538.508254278666 2759.84739370503 0.43082611999788367
0.588235294117647 219.79065568882268 56660.27250364088 5.295556975913062e9 -2910.1172671214626 8.476530154401906e6 10.431222222222223 4913.141279716634 2680.8463679639467 0.45016412524421223
0.5847953216374269 214.2224209057887 53934.04240562446 4.802745519533898e9 -2881.512402748633 8.310610911993201e6 9.836333333333334 4703.389933852372 2563.9290034539476 0.4496456845136465
0.5813953488372092 208.27302333399442 51109.07256693852 4.325692153268257e9 -2855.664783551806 8.162431662160788e6 9.413422222222222 4495.011812939497 2572.4398806125646 0.4480009204851052
0.5780346820809249 207.01770614007694 50371.17852763797 4.1811451096845126e9 -2832.8253210107646 8.032307056705928e6 9.247311111111111 4343.842700658217 2475.110209558217 0.4506997946382949
0.5747126436781609 200.46987300303599 47167.87347229945 3.6541493399983053e9 -2806.6372394019754 7.8843642317083385e6 8.82231111111111 4011.3238450839503 2362.1476121011306 0.4525147237968159
0.5714285714285714 198.78763305293992 46394.286507098055 3.572421305163064e9 -2781.62740594495 7.744424323317038e6 8.351355555555555 3930.1505441758654 2276.995204246774 0.44676147376414443
0.5681818181818182 191.45188282071126 42644.15055606904 2.9052311142452726e9 -2760.447167184969 7.62732357630623e6 8.20711111111111 3403.594954814596 2342.140201029651 0.4674743930459496
0.5649717514124294 189.43798043477824 42411.45983647226 3.006720243510603e9 -2738.782676301631 7.508028329223636e6 7.8444 3686.2776300931296 2265.5626460183908 0.44280742061466305
0.5617977528089888 185.32144093185735 40151.39879650173 2.6263516218702645e9 -2714.4638943642603 7.375148982726212e6 7.683911111111111 3262.563105304402 2157.161002090981 0.45696195698025865
0.5586592178770949 182.72740010024884 39382.63763530396 2.5602106763559732e9 -2690.4923566124166 7.245929150287526e6 7.4658 3348.231780953934 2240.8880177556375 0.44976925874610174
0.5555555555555556 179.42701268487093 37883.47505417317 2.396700057936101e9 -2670.434518719087 7.13810515648354e6 7.168955555555556 3160.7900961979653 2124.8881842895057 0.44333641575996197
