0.8333333333333334 1586.9611977606571 2.520535586007882e6 6.373955853942492e12 -4206.331384523975 1.7700121860702053e7 692.7660666666667 1741.4523416187149 4790.377965742826 0.6655723864574707
0.8264462809917356 1567.5181196217452 2.459318769893655e6 6.06982097840023e12 -4158.239999010857 1.729804185531903e7 670.4934888888889 1822.9045877383237 4837.07803102094 0.665477773422815
0.819672131147541 1547.2396193801774 2.3963257974326997e6 5.764983629813775e12 -4107.660665798925 1.6880334238237187e7 651.7654666666666 1947.0144696587117 5010.812204730119 0.6653544167578886
0.8130081300813008 1528.0084940299748 2.3373263932201033e6 5.486402046288205e12 -4058.7380670740695 1.6481035958703732e7 640.0114666666667 2045.8824328063586 5077.177333319322 0.6652445558632095
0.8064516129032259 1505.215598647813 2.2683481866154624e6 5.169400394124927e12 -4005.933040295981 1.6055450571467765e7 624.9931777777778 2156.603389329112 5171.077089466817 0.6651120818530414
0.8 1484.1564346935584 2.205447796802196e6 4.88778574619655e12 -3957.4953224546016 1.5669733737969037e7 597.8208888888889 2181.9793279211967 5097.286860151292 0.6650366117151125
0.7936507936507936 1463.3978137597703 2.1445769881863184e6 4.625040536567125e12 -3907.8119036265903 1.5279446856474314e7 583.0183111111111 2415.735610669094 5324.377896598335 0.6647946005411687
0.7874015748031495 1439.108905614313 2.0743614970319595e6 4.3302501707158145e12 -3852.5205463706366 1.485050881836688e7 563.9487111111112 2619.7281996329043 5328.450715463217 0.6645538225363525
0.78125 1417.230473993164 2.0119180648423843e6 4.074726042334955e12 -3801.055549219196 1.4456761725725202e7 546.7572222222223 2637.3815839813687 5333.51896677118 0.6644505124079573
0.7751937984496123 1388.8038741314078 1.9326046033999724e6 3.763965812967381e12 -3744.0165419069767 1.4026863357857233e7 528.0938222222222 2967.753951600933 5530.612213302825 0.6640780396051149
0.7692307692307692 1364.9390212547453 1.8670400380585906e6 3.5150766067446973e12 -3691.744803745004 1.3638512004881565e7 508.20697777777775 3062.697165175878 5640.419469424385 0.6638707728427728
0.7633587786259541 1337.9625716268017 1.7942252970427733e6 3.248029389844957e12 -3635.104612103577 1.3223595597392246e7 484.62862222222225 3115.6137164646602 5599.939662926899 0.663686156379971
0.7575757575757576 1308.4788994594996 1.7167770959329114e6 2.978749752182427e12 -3578.009439200455 1.2811920638640054e7 472.4375777777778 3530.3527289151325 5606.68711690788 0.6631124641247067
0.7518796992481203 1281.0134816848067 1.645904809111582e6 2.7405222029491226e12 -3522.8146615043274 1.2420258733975746e7 451.1138888888889 3691.1795889860705 5673.353307646643 0.6627882943806891
0.746268656716418 1251.24001352599 1.5710780637140817e6 2.501795639869566e12 -3464.8132053655477 1.2015599636784455e7 432.0267111111111 4086.934526538852 5941.795894951227 0.6621413464304505
0.7407407407407407 1215.892250797552 1.4843490900801665e6 2.2377764842117534e12 -3400.9927900354305 1.157775575179558e7 407.0336 4411.203356021842 6037.747008284995 0.6614495855099947
0.7352941176470589 1184.5275841120845 1.409612520457724e6 2.022774320291672e12 -3345.1725144988986 1.1201862006984286e7 388.7924888888889 4784.50215831827 6316.4225915879115 0.6606665445031371
0.7299270072992701 1148.2638384834022 1.3255755163743596e6 1.7933707357896875e12 -3281.6757134510563 1.0780723115879776e7 366.5883777777778 5157.425989578716 6035.285644028592 0.6597956393571663
0.7246376811594204 1109.3025911548636 1.2384460267283162e6 1.5713183698754355e12 -3220.3998766638942 1.0382812015835708e7 341.7509333333333 5720.1362213200855 6215.422295149932 0.6585015280625337
0.7194244604316548 1066.0531442731601 1.1458938032911588e6 1.3541007626663516e12 -3153.8532566654817 9.959134784151983e6 317.1004222222222 6780.213580192603 6389.120424676403 0.656251361886578
0.7142857142857143 1027.221628241186 1.0657062900931553e6 1.1780463285294905e12 -3094.4144726511504 9.587938325515032e6 287.75053333333335 7515.726119058672 6396.631103129677 0.6542469202971922
0.7092198581560284 976.8030302046258 966819.1494948294 9.800324794089938e11 -3025.2827332640422 9.165565770730274e6 261.83464444444445 8989.354381482497 6654.672574176564 0.6505148500985231
0.7042253521126761 930.3705406713989 880740.5204064293 8.247911986739307e11 -2963.473206730608 8.795825953241909e6 239.73755555555556 10669.843279745211 6770.733104401857 0.6455729921996548
0.6993006993006994 875.0596733964436 782735.3220693297 6.60446869994161e11 -2895.813583730959 8.399440098665241e6 211.7380222222222 11892.230814432978 6701.446009340395 0.64067555230003
0.6944444444444444 820.3223497094153 692261.8489776166 5.264933127935487e11 -2830.3278166667747 8.024608690394708e6 184.04682222222223 13425.758017250255 6680.719809508131 0.6337894861516473
0.6896551724137931 760.4095975895975 600081.6896340509 4.0689689719883167e11 -2764.578860059394 7.656305534626674e6 161.3134 15075.126570811946 6377.769864149454 0.6233461830615865
0.684931506849315 704.9287996409519 520707.6126495824 3.145746227712944e11 -2705.233291266205 7.331496842011496e6 136.50795555555555 16289.72608654051 6197.073483070402 0.6132640225400028
0.6802721088435374 645.8851655859331 441967.03770739975 2.3345322459021686e11 -2644.4008452131393 7.0050707482032245e6 114.16793333333334 16870.333730225524 5652.6993564063905 0.601618776259149
0.6756756756756757 592.0866140244153 376556.7033185095 1.7595530781194864e11 -2590.7557573519634 6.723831976117326e6 96.41273333333334 17560.90865649497 5394.714145809006 0.5863620747148945
0.6711409395973155 538.865288590524 316314.7501528768 1.2972513929471405e11 -2539.8201733714627 6.461691805780697e6 81.8467111111111 17408.691882636303 4957.115767780546 0.5678206591227346
0.6666666666666666 493.26555494798606 268110.5703032305 9.606903496956679e10 -2493.7114380471785 6.228756890334923e6 72.28653333333334 16533.108403390543 4515.624038931396 0.5545137535691836
0.6622516556291391 448.9406768836461 224869.45341551004 7.021679425000702e10 -2446.8208446643553 5.99644993188909e6 57.078466666666664 15444.849042889868 4174.240605719315 0.5371302335782615
0.6578947368421053 416.2122745035226 195347.2293729372 5.4492990303142006e10 -2407.2348453611853 5.803933084872073e6 48.06313333333333 14549.060477329956 3961.8612149335454 0.5240022785376122
0.6535947712418301 384.3377044200688 168270.77482383407 4.1902697556739525e10 -2371.3560463860385 5.631870848800949e6 41.78957777777778 13434.839075128035 3648.746238337997 0.5067088333980392
0.6493506493506493 355.2026261652164 144271.54499039304 3.106119776480447e10 -2336.5477922201953 5.467432605075532e6 36.63775555555556 11754.960620601678 3363.5603586029747 0.5025658712211325
0.6451612903225806 336.9895456742493 130306.78137245517 2.585053378264009e10 -2305.422733036546 5.322775980467081e6 32.00191111111111 10803.11450239884 3247.451598494547 0.49252549910411436
0.641025641025641 310.27021242672697 111578.51785606952 1.942338498386436e10 -2273.883030822082 5.177721982650853e6 28.177222222222223 9814.687908168744 2949.5170900040503 0.4799531296502352
0.6369426751592356 291.94283872556656 99272.46720460923 1.5681755349990547e10 -2241.375376864642 5.030756146363426e6 25.181444444444445 8943.851032781571 2836.8559975291605 0.4695850107458668
0.6329113924050632 278.3386276451638 90449.59920003623 1.3046611031900238e10 -2215.4926779982657 4.915301611487602e6 23.0878 8213.422506736131 2761.49864752261 0.4684266908866018
0.6289308176100629 264.8161079157045 81949.36326728889 1.0839758643136127e10 -2189.298189028894 4.799709017273487e6 21.025577777777777 7435.089468972861 2643.2723342795593 0.46196913473963797
0.625 252.13298545812242 74333.33513893426 8.881192482517376e9 -2162.3878933549054 4.682483617925152e6 18.843 6726.432989317805 2563.3658583152283 0.4642245741282661
0.6211180124223602 241.7608566145496 68446.70929432179 7.58384414317982e9 -2138.986379894331 4.581462615536038e6 17.627555555555556 6210.184784671415 2391.837568991215 0.46041111187638895
0.6172839506172839 231.11114373676148 62569.226918683446 6.397722964917382e9 -2115.2888783884896 4.480621320573675e6 16.764377777777778 5652.386518129271 2352.6450006254076 0.4552683649254625
0.6134969325153374 223.39363672320886 58636.72894930978 5.68996825354785e9 -2094.3223422280957 4.392247088379056e6 15.331 5357.062589502311 2281.2357346078497 0.44836842335224514
0.6097560975609756 214.4625844692647 53975.71600868687 4.721777372313754e9 -2069.9946429626616 4.290585569377412e6 14.342222222222222 4866.777970396567 2122.1547751693147 0.45975914051674016
0.6060606060606061 207.94891510518556 50717.32202007872 4.217174634661303e9 -2047.4416310634367 4.197497538944816e6 13.30491111111111 4530.042864639421 2012.968350086392 0.45350309932670585
0.6024096385542168 201.2233260957871 47525.91821649049 3.676346032957221e9 -2026.4178289895278 4.111812102381283e6 12.617044444444444 4238.006777975314 1975.2085696949987 0.4574570870014454
0.5988023952095809 194.06511637826011 44223.863308609194 3.220493141984432e9 -2007.7480316399806 4.0366932633629935e6 12.176844444444445 3929.696954312307 2022.6988449844405 0.4511069069033702
0.5952380952380952 188.57427257798165 41834.30048181585 2.8842275524863153e9 -1989.8042971870173 3.9649322198232207e6 11.447622222222222 3734.5501211315077 1988.0522673260873 0.45065744435278154
0.591715976331361 186.08144401153532 40563.71859684314 2.682630076535457e9 -1970.6605701568733 3.8890687828624556e6 10.928422222222222 3513.2631901922987 1948.706309807976 0.45654447009832877
0.588235294117647 181.12931796342147 38481.00220621131 2.4336575918337e9 -1951.4701244614098 3.8135900619190955e6 10.6024 3337.1602237159263 1852.7388420987186 0.4521704293102182
0.5847953216374269 176.3189583262616 36465.42673711062 2.210573966484487e9 -1932.0281190986286 3.7379621927851923e6 10.041955555555555 3144.4746619021316 1788.4271390881208 0.44585783662769407
0.5813953488372092 172.7948236957959 34905.192765446845 1.980703971913806e9 -1915.3743910690278 3.673694898589106e6 9.472555555555555 2934.3846915032855 1702.2176264388759 0.4581011414304138
0.5780346820809249 167.26261366300426 32985.395667403856 1.821378543959646e9 -1899.9299547627643 3.6147196906974264e6 9.177133333333334 2895.152449725108 1665.8951827948558 0.4419982439310153
0.5747126436781609 165.54236853886178 32158.858008286257 1.6915902175420306e9 -1883.121288340562 3.55129673693263e6 8.7508 2732.5185211666226 1701.3311967276015 0.45477887574251163
0.5714285714285714 161.54387497589096 30768.43907781031 1.5891175697350342e9 -1866.072163878178 3.4870957337829843e6 8.489933333333333 2669.7231631908694 1590.3389328976673 0.4404693959469339
0.5681818181818182 158.6859560645588 29665.243948748262 1.467006302482016e9 -1850.1928538905104 3.4279675615894916e6 8.076022222222223 2547.7336912643027 1534.7252718168402 0.4443326530441518
0.5649717514124294 156.2275349625107 28765.729854632515 1.373154836993141e9 -1833.5381003442799 3.366682001990476e6 7.935244444444445 2462.5351266497246 1538.5223200119974 0.4468442118128916
0.5617977528089888 151.96145174648757 27231.404651794415 1.2437641318836436e9 -1817.68742641589 3.308836210518316e6 7.7228666666666665 2325.349345446261 1530.3087892608862 0.44091648601278555
0.5586592178770949 149.26877155718097 26208.955049528624 1.1363114991337156e9 -1804.0977881598142 3.259419433899448e6 7.4862 2194.2954677870084 1451.4542793027717 0.44858733745094936
0.5555555555555556 147.98401448780336 25894.022954568703 1.1287035472609713e9 -1789.4300982432917 3.2067560881213252e6 7.1916 2219.3080059123936 1449.3863031878943 0.43887505234356183
